   ASE Index Element    X (Ang)    Y (Ang)    Z (Ang)   X (Bohr)   Y (Bohr)   Z (Bohr)    CHARGE  Min Distance  Atomic Volume  AN  Charge Gain  Charge Density    1NN  1NN charge  1NN dist    2NN  2NN charge  2NN dist    3NN  3NN charge  3NN dist    4NN  4NN charge  4NN dist  Tags         Class
0          0      Li   1.617037   1.617037  10.000000   3.055757   3.055757  18.897261  3.088652      1.847150     521.099921   3    -0.088652       -0.000170   Li-9    0.774972  2.800790  Li-10    0.776281  2.800790  Li-13    0.776652  2.800790  Li-10    0.776281  2.800790     4   Nucleophile
1          1      Li   4.851111   1.617037  10.000000   9.167271   3.055757  18.897261  4.266742      1.847154     951.895276   3    -1.266742       -0.001331  Li-10    0.776281  2.800790  Li-11   -0.289100  2.800790  Li-14    0.775248  2.800790  Li-13    0.776652  2.800790     4   Nucleophile
2          2      Li   8.085185   1.617037  10.000000  15.278785   3.055757  18.897261  2.231460      1.859445     166.482041   3     0.768540        0.004616  Li-11   -0.289100  2.800790  Li-14    0.775248  2.800790   Li-5   -1.020709  3.234074   Li-1   -1.266742  3.234074     4  Electrophile
3          3      Li   1.617037   4.851111  10.000000   3.055757   9.167271  18.897261  4.967998      1.850310    1257.570052   3    -1.967998       -0.001565  Li-12    0.775499  2.800790  Li-13    0.776652  2.800790  Li-16   -0.920750  2.800790  Li-15   -0.186282  2.800790     4   Nucleophile
4          4      Li   4.851111   4.851111  10.000000   9.167271   9.167271  18.897261  4.092920      1.855282     822.284365   3    -1.092920       -0.001329  Li-14    0.775248  2.800790  Li-16   -0.920750  2.800790  Li-17    0.776582  2.800790  Li-13    0.776652  2.800790     4   Nucleophile
5          5      Li   8.085185   4.851111  10.000000  15.278785   9.167271  18.897261  4.020709      1.847139     913.312806   3    -1.020709       -0.001118  Li-14    0.775248  2.800790  Li-17    0.776582  2.800790   Li-2    0.768540  3.234074   Li-8   -0.512312  3.234074     4   Nucleophile
6          6      Li   1.617037   8.085185  10.000000   3.055757  15.278785  18.897261  4.158836      1.855275     833.404314   3    -1.158836       -0.001390  Li-15   -0.186282  2.800790  Li-16   -0.920750  2.800790   Li-3   -1.967998  3.234074   Li-7   -0.224610  3.234074     4   Nucleophile
7          7      Li   4.851111   8.085185  10.000000   9.167271  15.278785  18.897261  3.224610      1.850322     521.496856   3    -0.224610       -0.000431  Li-16   -0.920750  2.800790  Li-17    0.776582  2.800790   Li-4   -1.092920  3.234074   Li-8   -0.512312  3.234074     4   Nucleophile
8          8      Li   8.085185   8.085185  10.000000  15.278785  15.278785  18.897261  3.512312      1.847146     580.084248   3    -0.512312       -0.000883  Li-17    0.776582  2.800790   Li-5   -1.020709  3.234074   Li-7   -0.224610  3.234074  Li-26    0.785741  3.505865     4   Nucleophile
9          9      Li   0.000000   0.000000  11.617037   0.000000   0.000000  21.953018  2.225028      1.834412      37.588803   3     0.774972        0.020617   Li-0   -0.088652  2.800790  Li-18    0.785710  2.924415  Li-12    0.775499  3.234074  Li-10    0.776281  3.234074     3  Electrophile
10        10      Li   3.234074   0.000000  11.617037   6.111514   0.000000  21.953018  2.223719      1.837296      36.733797   3     0.776281        0.021133   Li-1   -1.266742  2.800790   Li-0   -0.088652  2.800790  Li-18    0.785710  2.924900  Li-19    0.785723  2.978600     3  Electrophile
11        11      Li   6.468148   0.000000  11.617037  12.223028   0.000000  21.953018  3.289100      1.839804     410.747019   3    -0.289100       -0.000704   Li-1   -1.266742  2.800790   Li-2    0.768540  2.800790  Li-20    0.806515  2.935331  Li-19    0.785723  2.962578     3   Nucleophile
12        12      Li   0.000000   3.234074  11.617037   0.000000   6.111514  21.953018  2.224501      1.837304      36.909672   3     0.775499        0.021011   Li-3   -1.967998  2.800790   Li-0   -0.088652  2.800790  Li-21    0.787449  2.879376  Li-18    0.785710  2.990700     3  Electrophile
13        13      Li   3.234074   3.234074  11.617037   6.111514   6.111514  21.953018  2.223348      1.837292      36.956631   3     0.776652        0.021015   Li-1   -1.266742  2.800790   Li-3   -1.967998  2.800790   Li-3   -1.967998  2.800790   Li-4   -1.092920  2.800790     3  Electrophile
14        14      Li   6.468148   3.234074  11.617037  12.223028   6.111514  21.953018  2.224752      1.834410      37.699998   3     0.775248        0.020564   Li-1   -1.266742  2.800790   Li-4   -1.092920  2.800790   Li-5   -1.020709  2.800790   Li-2    0.768540  2.800790     3  Electrophile
15        15      Li   0.000000   6.468148  11.617037   0.000000  12.223028  21.953018  3.186282      1.837308     403.360744   3    -0.186282       -0.000462   Li-3   -1.967998  2.800790   Li-6   -1.158836  2.800790  Li-21    0.787449  2.944603  Li-24    0.788259  2.963145     3   Nucleophile
16        16      Li   3.234074   6.468148  11.617037   6.111514  12.223028  21.953018  3.920750      1.837288     783.581397   3    -0.920750       -0.001175   Li-3   -1.967998  2.800790   Li-4   -1.092920  2.800790   Li-7   -0.224610  2.800790   Li-6   -1.158836  2.800790     3   Nucleophile
17        17      Li   6.468148   6.468148  11.617037  12.223028  12.223028  21.953018  2.223418      1.837300      36.808223   3     0.776582        0.021098   Li-4   -1.092920  2.800790   Li-5   -1.020709  2.800790   Li-5   -1.020709  2.800790   Li-8   -0.512312  2.800790     3  Electrophile
18        18      Li   1.617038   1.617038  13.469728   3.054927   2.941206  25.496631  2.214290      1.896988      37.163072   3     0.785710        0.021142   Li-9    0.774972  2.924415  Li-10    0.776281  2.924900  Li-31    0.539445  2.967101  Li-12    0.775499  2.990700     2  Electrophile
19        19      Li   4.851111   1.617038  13.469729   9.195082   3.097757  25.499595  2.214277      1.892186      37.186995   3     0.785723        0.021129  Li-14    0.775248  2.938215  Li-32   -0.714807  2.951093  Li-13    0.776652  2.954370  Li-11   -0.289100  2.962578     2  Electrophile
20        20      Li   8.085184   1.617038  13.469728  15.243213   2.976857  25.528729  2.193485      1.382915      32.173914   3     0.806515        0.025067   N-46   -1.077410  2.105679   N-45   -1.110626  2.112695  Li-29    0.819398  2.829623  Li-11   -0.289100  2.935331     2  Electrophile
21        21      Li   1.617038   4.851111  13.469729   2.947421   9.056285  25.452737  2.212551      1.887358      35.891196   3     0.787449        0.021940  Li-33   -0.243657  2.878018  Li-12    0.775499  2.879376  Li-31    0.539445  2.895329  Li-13    0.776652  2.943062     2  Electrophile
22        22      Li   4.851111   4.851111  13.469730   9.088790   9.247705  25.457713  2.212128      1.890183      35.859299   3     0.787872        0.021971  Li-16   -0.920750  2.898404  Li-32   -0.714807  2.908038  Li-17    0.776582  2.944379  Li-13    0.776652  2.945514     2  Electrophile
23        23      Li   8.085184   4.851111  13.469729  15.170130   9.165175  25.463556  2.215100      1.894397      37.144466   3     0.784900        0.021131  Li-14    0.775248  2.914519  Li-17    0.776582  2.915750  Li-32   -0.714807  2.983229  Li-35   -0.113977  3.091831     2  Electrophile
24        24      Li   1.617038   8.085184  13.469728   3.153410  15.220824  25.477787  2.211741      1.890077      35.990430   3     0.788259        0.021902  Li-16   -0.920750  2.906197  Li-34   -1.292866  2.962303  Li-15   -0.186282  2.963145  Li-33   -0.243657  3.023368     2  Electrophile
25        25      Li   4.851111   8.085184  13.469729   9.292160  15.407814  25.485367  2.212779      1.888125      36.218579   3     0.787221        0.021735  Li-35   -0.113977  2.877132  Li-17    0.776582  2.956313  Li-16   -0.920750  3.027747  Li-34   -1.292866  3.081919     2  Electrophile
26        26      Li   8.085184   8.085184  13.469728  15.358494  15.317438  25.521793  2.214259      1.893730      37.338947   3     0.785741        0.021043  Li-35   -0.113977  2.966667  Li-17    0.776582  3.000144  Li-25    0.787221  3.210580  Li-23    0.784900  3.257309     2  Electrophile
27        27      Li  -0.000000  -0.000000  15.445939   0.263079  -0.199344  29.310051  2.187716      1.238992      51.778799   3     0.812284        0.015688  Li-18    0.785710  3.002802  Li-30   -0.598820  3.134470  Li-28   -0.725240  3.270309   Li-9    0.774972  3.897090     1  Electrophile
28        28      Li   3.234074   0.000000  15.445939   6.440983  -0.111721  29.175591  3.725240      1.931199     808.051398   3    -0.725240       -0.000898  Li-19    0.785723  2.965223  Li-18    0.785710  3.100116  Li-27    0.812284  3.270309  Li-31    0.539445  3.354372     1   Nucleophile
29        29      Li   6.468148   0.000000  15.445939  12.758741   0.497306  29.562573  2.180602      1.320496      51.638366   3     0.819398        0.015868   N-45   -1.110626  2.031367   N-46   -1.077410  2.033268  Li-20    0.806515  2.829623  Li-32   -0.714807  3.118894     1  Electrophile
30        30      Li   0.000000   3.234074  15.445939  -0.437676   5.680408  29.158999  3.598820      1.329891     295.190101   3    -0.598820       -0.002029  Li-18    0.785710  3.045158  Li-27    0.812284  3.134470  Li-21    0.787449  3.201054  Li-31    0.539445  3.328958     1   Nucleophile
31        31      Li   3.234076   3.234076  15.445938   5.831727   6.197526  29.119379  2.460555      1.915059     200.447923   3     0.539445        0.002691  Li-21    0.787449  2.895329  Li-18    0.785710  2.967101  Li-22    0.787872  3.054588  Li-19    0.785723  3.086676     1  Electrophile
32        32      Li   6.468146   3.234076  15.445938  11.956705   6.319406  29.118245  3.714807      1.215278     418.190886   3    -0.714807       -0.001709   N-46   -1.077410  1.836282  Li-22    0.787872  2.908038   H-42   -0.021196  2.940588  Li-19    0.785723  2.951093     1   Nucleophile
33        33      Li   0.000000   6.468148  15.445939   0.118498  11.973439  29.067496  3.243657      1.920002     364.965222   3    -0.243657       -0.000668  Li-21    0.787449  2.878018  Li-24    0.788259  3.023368  Li-34   -1.292866  3.169401  Li-30   -0.598820  3.343459     1   Nucleophile
34        34      Li   3.234076   6.468146  15.445938   6.102722  12.203294  29.156512  4.292866      3.441695    1057.145609   3    -1.292866       -0.001223  Li-22    0.787872  2.962127  Li-24    0.788259  2.962303  Li-21    0.787449  3.066377  Li-25    0.787221  3.081919     1   Nucleophile
35        35      Li   6.468146   6.468146  15.445938  12.107223  12.523570  29.134671  3.113977      1.925582     406.229222   3    -0.113977       -0.000281  Li-25    0.787221  2.877132  Li-26    0.785741  2.966667  Li-22    0.787872  3.056531  Li-23    0.784900  3.091831     1   Nucleophile
36        36       O   8.085185   1.617037  18.445939  15.661400   3.150579  35.971745  9.064416      1.316724     616.920380   8    -1.064416       -0.001725   H-44    0.520627  0.964438   C-37    0.520689  1.436713   H-40   -0.022804  2.016579   H-39   -0.005536  2.090401     0   Nucleophile
37        37       C   8.901943   2.799444  18.450238  17.115990   5.441916  35.900107  5.479311      0.843369      76.133175   6     0.520689        0.006839   H-40   -0.022804  1.093723   H-39   -0.005536  1.097945   O-36   -1.064416  1.436713   C-38    0.019617  1.522591     0  Electrophile
38        38       C   8.082324   4.083659  18.435704  15.492361   7.803193  35.641376  5.980383      1.195452     147.785765   6     0.019617        0.000133   H-42   -0.021196  1.091712   H-43   -0.014552  1.093602   H-41   -0.020457  1.093652   C-37    0.520689  1.522591     0  Electrophile
39        39       H   9.585478   2.790821  19.310398  18.331076   5.580251  37.576199  1.005536      0.631943     999.788450   1    -0.005536       -0.000006   C-37    0.520689  1.097945   H-40   -0.022804  1.761207   O-36   -1.064416  2.090401   C-38    0.019617  2.165319     0   Nucleophile
40        40       H   9.511668   2.724056  17.547442  18.364370   5.226608  34.267010  1.022804      0.647743      99.185993   1    -0.022804       -0.000230   C-37    0.520689  1.093723   H-39   -0.005536  1.761207   O-36   -1.064416  2.016579   C-38    0.019617  2.167438     0   Nucleophile
41        41       H   8.736271   4.960586  18.420269  16.686822   9.474273  35.413309  1.020457      0.673853     313.290530   1    -0.020457       -0.000065   C-38    0.019617  1.093652   H-43   -0.014552  1.767195   H-42   -0.021196  1.769118   C-37    0.520689  2.161290     0   Nucleophile
42        42       H   7.433301   4.118370  17.558886  14.259744   7.666558  33.992708  1.021196      0.640559      91.000974   1    -0.021196       -0.000233   C-38    0.019617  1.091712   H-41   -0.020457  1.769118   H-43   -0.014552  1.773145   C-37    0.520689  2.165450     0   Nucleophile
43        43       H   7.453837   4.153847  19.328265  14.316094   8.091512  37.315933  1.014552      0.654932    1028.995981   1    -0.014552       -0.000014   C-38    0.019617  1.093602   H-41   -0.020457  1.767195   H-42   -0.021196  1.773145   C-37    0.520689  2.173131     0   Nucleophile
44        44       H   7.502208   1.656204  19.214164  14.694596   3.145835  37.516692  0.479373      0.318267     621.276923   1     0.520627        0.000838   O-36   -1.064416  0.964438   C-37    0.520689  1.962133   H-39   -0.005536  2.315954   H-43   -0.014552  2.626942     0  Electrophile
45        45       N   8.085000   1.617000  16.945939  16.157099   2.269853  29.350291  8.110626      1.123122     194.437631   7    -1.110626       -0.005712   N-46   -1.077410  1.254376  Li-29    0.819398  2.031367  Li-20    0.806515  2.112695  Li-32   -0.714807  3.089961     0   Nucleophile
46        46       N   8.085000   2.713622  16.945939  14.465963   3.930452  29.312937  8.077410      1.086174     183.894478   7    -1.077410       -0.005859   N-45   -1.110626  1.254376  Li-32   -0.714807  1.836282  Li-29    0.819398  2.033268  Li-20    0.806515  2.105679     0   Nucleophile