   ASE Index Element    X (Ang)    Y (Ang)    Z (Ang)   X (Bohr)   Y (Bohr)   Z (Bohr)    CHARGE  Min Distance  Atomic Volume  AN  Charge Gain  Tags    1NN  1NN charge  1NN dist    2NN  2NN charge  2NN dist    3NN  3NN charge  3NN dist    4NN  4NN charge  4NN dist         Class
0          0      Li   1.617037   1.617037  10.000000   3.055757   3.055757  18.897261  3.159223      1.876743     531.576375   3    -0.159223     4   Li-9   -0.891204  2.800790  Li-10    0.735421  2.800790  Li-13    0.735146  2.800790  Li-10    0.735421  2.800790   Nucleophile
1          1      Li   4.851111   1.617037  10.000000   9.167271   3.055757  18.897261  4.096724      1.879644     936.276777   3    -1.096724     4  Li-10    0.735421  2.800790  Li-11   -1.151736  2.800790  Li-13    0.735146  2.800790  Li-14   -0.942601  2.800790   Nucleophile
2          2      Li   8.085185   1.617037  10.000000  15.278785   3.055757  18.897261  2.262346      1.902769     213.197049   3     0.737654     4  Li-11   -1.151736  2.800790  Li-14   -0.942601  2.800790   Li-5   -0.158917  3.234074   Li-1   -1.096724  3.234074  Electrophile
3          3      Li   1.617037   4.851111  10.000000   3.055757   9.167271  18.897261  2.253606      1.886700     162.983820   3     0.746394     4  Li-12   -1.200034  2.800790  Li-13    0.735146  2.800790  Li-16    0.717289  2.800790  Li-15    0.735006  2.800790  Electrophile
4          4      Li   4.851111   4.851111  10.000000   9.167271   9.167271  18.897261  3.903494      1.887700     856.528550   3    -0.903494     4  Li-14   -0.942601  2.800790  Li-16    0.717289  2.800790  Li-16    0.717289  2.800790  Li-13    0.735146  2.800790   Nucleophile
5          5      Li   8.085185   4.851111  10.000000  15.278785   9.167271  18.897261  3.158917      1.879650     532.072688   3    -0.158917     4  Li-14   -0.942601  2.800790  Li-17    0.735093  2.800790   Li-2    0.737654  3.234074   Li-4   -0.903494  3.234074   Nucleophile
6          6      Li   1.617037   8.085185  10.000000   3.055757  15.278785  18.897261  3.946025      1.893760     854.755879   3    -0.946025     4  Li-15    0.735006  2.800790  Li-16    0.717289  2.800790   Li-3    0.746394  3.234074   Li-7    0.747233  3.234074   Nucleophile
7          7      Li   4.851111   8.085185  10.000000   9.167271  15.278785  18.897261  2.252767      1.886679     159.500407   3     0.747233     4  Li-16    0.717289  2.800790  Li-17    0.735093  2.800790   Li-4   -0.903494  3.234074   Li-8   -1.083000  3.234074  Electrophile
8          8      Li   8.085185   8.085185  10.000000  15.278785  15.278785  18.897261  4.083000      1.887702     932.575954   3    -1.083000     4  Li-17    0.735093  2.800790   Li-5   -0.158917  3.234074   Li-7    0.747233  3.234074  Li-26   -0.164409  3.516596   Nucleophile
9          9      Li   0.000000   0.000000  11.617037   0.000000   0.000000  21.953018  3.891204      1.888500     676.075402   3    -0.891204     3   Li-0   -0.159223  2.800790  Li-18    0.755423  2.951792  Li-12   -1.200034  3.234074  Li-10    0.735421  3.234074   Nucleophile
10        10      Li   3.234074   0.000000  11.617037   6.111514   0.000000  21.953018  2.264579      1.866335      47.299479   3     0.735421     3   Li-1   -1.096724  2.800790   Li-0   -0.159223  2.800790  Li-18    0.755423  2.975286  Li-19   -0.175863  3.019287  Electrophile
11        11      Li   6.468148   0.000000  11.617037  12.223028   0.000000  21.953018  4.151736      1.890352     750.073868   3    -1.151736     3   Li-1   -1.096724  2.800790   Li-2    0.737654  2.800790  Li-19   -0.175863  2.992771  Li-20    0.773852  3.010259   Nucleophile
12        12      Li   0.000000   3.234074  11.617037   0.000000   6.111514  21.953018  4.200034      1.890360     760.394976   3    -1.200034     3   Li-3    0.746394  2.800790   Li-0   -0.159223  2.800790  Li-21   -0.076112  2.895193  Li-18    0.755423  2.976554   Nucleophile
13        13      Li   3.234074   3.234074  11.617037   6.111514   6.111514  21.953018  2.264854      1.866327      47.187479   3     0.735146     3   Li-1   -1.096724  2.800790   Li-3    0.746394  2.800790   Li-3    0.746394  2.800790   Li-4   -0.903494  2.800790  Electrophile
14        14      Li   6.468148   3.234074  11.617037  12.223028   6.111514  21.953018  3.942601      1.888490     679.064698   3    -0.942601     3   Li-1   -1.096724  2.800790   Li-4   -0.903494  2.800790   Li-5   -0.158917  2.800790   Li-2    0.737654  2.800790   Nucleophile
15        15      Li   0.000000   6.468148  11.617037   0.000000  12.223028  21.953018  2.264994      1.866330      47.049126   3     0.735006     3   Li-3    0.746394  2.800790   Li-6   -0.946025  2.800790  Li-24   -0.343998  2.950363  Li-21   -0.076112  2.965539  Electrophile
16        16      Li   3.234074   6.468148  11.617037   6.111514  12.223028  21.953018  2.282711      1.872571      69.994145   3     0.717289     3   Li-3    0.746394  2.800790   Li-4   -0.903494  2.800790   Li-6   -0.946025  2.800790   Li-7    0.747233  2.800790  Electrophile
17        17      Li   6.468148   6.468148  11.617037  12.223028  12.223028  21.953018  2.264907      1.866339      47.324953   3     0.735093     3   Li-4   -0.903494  2.800790   Li-5   -0.158917  2.800790   Li-5   -0.158917  2.800790   Li-8   -1.083000  2.800790  Electrophile
18        18      Li   1.595509   1.594341  13.521113   3.015074   3.012868  25.551200  2.244577      1.940630      42.127285   3     0.755423     2   Li-9   -0.891204  2.951792  Li-31    0.723050  2.972128  Li-10    0.735421  2.975286  Li-12   -1.200034  2.976554  Electrophile
19        19      Li   4.875757   1.669805  13.523007   9.213846   3.155473  25.554779  3.175863      1.954280     281.379434   3    -0.175863     2  Li-14   -0.942601  2.935195  Li-13    0.735146  2.962226  Li-28    0.724877  2.976748  Li-11   -1.151736  2.992771   Nucleophile
20        20      Li   8.084601   1.619304  13.573205  15.277682   3.060042  25.649639  2.226148      1.383949      36.148255   3     0.773852     2   N-46   -1.213991  2.112859   N-45   -1.152953  2.115259  Li-29    0.783991  2.825574  Li-14   -0.942601  3.007822  Electrophile
21        21      Li   1.537970   4.787371  13.515473   2.906341   9.046819  25.540543  3.076112      1.939242     266.377175   3    -0.076112     2  Li-12   -1.200034  2.895193  Li-33    0.726915  2.903702  Li-31    0.723050  2.907222  Li-15    0.735006  2.965539   Nucleophile
22        22      Li   4.813147   4.877897  13.504320   9.095530   9.217889  25.519466  3.260254      1.941213     354.394498   3    -0.260254     2  Li-16    0.717289  2.929882  Li-13    0.735146  2.959301  Li-34   -2.015407  2.964309  Li-17    0.735093  2.971492   Nucleophile
23        23      Li   8.033336   4.828877  13.530236  15.180805   9.125256  25.568440  2.244317      1.943609      42.178674   3     0.755683     2  Li-14   -0.942601  2.941690  Li-17    0.735093  2.966033  Li-32    0.767009  3.042942  Li-35    0.724421  3.070198  Electrophile
24        24      Li   1.653345   8.047130  13.481953   3.124369  15.206872  25.477199  3.343998      1.940045     354.502106   3    -0.343998     2  Li-16    0.717289  2.910292  Li-15    0.735006  2.950363  Li-34   -2.015407  2.975074  Li-33    0.726915  3.059151   Nucleophile
25        25      Li   4.911990   8.143315  13.494306   9.282316  15.388634  25.500543  3.218057      1.939252     296.330305   3    -0.218057     2  Li-35    0.724421  2.912648  Li-17    0.735093  2.958370  Li-16    0.717289  3.024190  Li-34   -2.015407  3.061205   Nucleophile
26        26      Li   8.125773   8.099628  13.516332  15.355485  15.306079  25.542165  3.164409      1.953593     259.686616   3    -0.164409     2  Li-35    0.724421  2.983880  Li-17    0.735093  3.002793  Li-25   -0.218057  3.214155  Li-23    0.755683  3.272086   Nucleophile
27        27      Li   0.122820  -0.114585  15.486523   0.232096  -0.216534  29.265288  2.237660      1.226126      71.144888   3     0.762340     1  Li-18    0.755423  2.992002  Li-30    0.796267  3.131162  Li-28    0.724877  3.248332   Li-9   -0.891204  3.873130  Electrophile
28        28      Li   3.369991  -0.045509  15.433870   6.368360  -0.085999  29.165788  2.275123      1.975355     138.825250   3     0.724877     1  Li-19   -0.175863  2.976748  Li-18    0.755423  3.081645  Li-27    0.762340  3.248332  Li-31    0.723050  3.339325  Electrophile
29        29      Li   6.701148   0.204638  15.590293  12.663334   0.386710  29.461384  2.216009      1.326124      57.931551   3     0.783991     1   N-45   -1.152953  2.031841   N-46   -1.213991  2.035977  Li-20    0.773852  2.825574  Li-19   -0.175863  3.122889  Electrophile
30        30      Li  -0.305390   2.980364  15.691723  -0.577103   5.632071  29.653059  2.203733      1.326256      59.051548   3     0.796267     1  Li-27    0.762340  3.131162  Li-18    0.755423  3.200941  Li-21   -0.076112  3.376286  Li-33    0.726915  3.396206  Electrophile
31        31      Li   3.083623   3.281383  15.463522   5.827204   6.200915  29.221821  2.276950      1.972090     145.866741   3     0.723050     1  Li-21   -0.076112  2.907222  Li-18    0.755423  2.972128  Li-22   -0.260254  3.062447  Li-19   -0.175863  3.094273  Electrophile
32        32      Li   6.319692   3.337664  15.554884  11.942487   6.307270  29.394472  2.232991      1.224844      68.388376   3     0.767009     1   N-45   -1.152953  1.833941  Li-22   -0.260254  2.974359  Li-19   -0.175863  2.999205  Li-23    0.755683  3.042942  Electrophile
33        33      Li   0.047264   6.350009  15.456463   0.089316  11.999777  29.208482  2.273085      1.975455     133.409293   3     0.726915     1  Li-21   -0.076112  2.903702  Li-24   -0.343998  3.059151  Li-34   -2.015407  3.198507  Li-30    0.796267  3.396206  Electrophile
34        34      Li   3.243262   6.476191  15.445465   6.128877  12.238227  29.187700  5.015407      3.416732    1189.774857   3    -2.015407     1  Li-22   -0.260254  2.964309  Li-24   -0.343998  2.975074  Li-25   -0.218057  3.061205  Li-21   -0.076112  3.079774   Nucleophile
35        35      Li   6.419510   6.599247  15.450516  12.131117  12.470770  29.197244  2.275579      1.970857     133.205497   3     0.724421     1  Li-25   -0.218057  2.912648  Li-26   -0.164409  2.983880  Li-22   -0.260254  3.054690  Li-23    0.755683  3.070198  Electrophile
36        36       O   7.889996   2.545694  19.227444  14.909932   4.810665  36.334604  9.101415      1.336070     368.111615   8    -1.101415     0   H-44    0.572842  0.964744   C-37    0.376998  1.436639   H-40    0.069799  2.014576   H-39    0.047058  2.088021   Nucleophile
37        37       C   8.020026   1.225021  19.777759  15.155652   2.314955  37.374548  5.623002      0.894175      77.465189   6     0.376998     0   H-40    0.069799  1.092056   H-39    0.047058  1.098398   O-36   -1.101415  1.436639   C-38   -0.194072  1.524021  Electrophile
38        38       C   8.194501   1.224440  21.291760  15.485363   2.313855  40.235594  6.194072      1.223595     234.227970   6    -0.194072     0   H-42    0.072829  1.091363   H-41    0.071674  1.093094   H-43    0.055499  1.094186   C-37    0.376998  1.524021   Nucleophile
39        39       H   7.159011   0.607327  19.488645  13.528571   1.147681  36.828203  0.952942      0.600517     225.248664   1     0.047058     0   C-37    0.376998  1.098398   H-40    0.069799  1.763669   O-36   -1.101415  2.088021   C-38   -0.194072  2.168937  Electrophile
40        40       H   8.900117   0.803689  19.287345  16.818783   1.518752  36.447800  0.930201      0.576147     157.072867   1     0.069799     0   C-37    0.376998  1.092056   H-39    0.047058  1.763669   O-36   -1.101415  2.014576   C-38   -0.194072  2.166241  Electrophile
41        41       H   8.352089   0.206024  21.656245  15.783161   0.389329  40.924373  0.928326      0.611618     642.467565   1     0.071674     0   C-38   -0.194072  1.093094   H-43    0.055499  1.767643   H-42    0.072829  1.772487   C-37    0.376998  2.162714  Electrophile
42        42       H   9.054614   1.831527  21.579376  17.110741   3.461084  40.779111  0.927171      0.602429     599.630509   1     0.072829     0   C-38   -0.194072  1.091363   H-43    0.055499  1.771869   H-41    0.071674  1.772487   C-37    0.376998  2.164266  Electrophile
43        43       H   7.307568   1.625626  21.791403  13.809303   3.071988  41.179783  0.944501      0.601856     608.529879   1     0.055499     0   C-38   -0.194072  1.094186   H-41    0.071674  1.767643   H-42    0.072829  1.771869   C-37    0.376998  2.173210  Electrophile
44        44       H   7.058133   2.920631  19.540742  13.337938   5.519193  36.926651  0.427158      0.256335     199.800999   1     0.572842     0   O-36   -1.101415  0.964744   C-37    0.376998  1.963799   H-39    0.047058  2.316089   H-43    0.055499  2.608588  Electrophile
45        45       N   7.601176   2.026264  15.591869  14.364141   3.829085  29.464362  8.152953      1.086214     211.553947   7    -1.152953     0   N-46   -1.213991  1.255796  Li-32    0.767009  1.833941  Li-29    0.783991  2.031841  Li-20    0.773852  2.115259   Nucleophile
46        46       N   8.503069   1.152415  15.590895  16.068472   2.177749  29.462521  8.213991      1.125827     227.670055   7    -1.213991     0   N-45   -1.152953  1.255796  Li-29    0.783991  2.035977  Li-20    0.773852  2.112859  Li-32    0.767009  3.089295   Nucleophile