   ASE Index Element   X (Ang)    Y (Ang)    Z (Ang)   X (Bohr)   Y (Bohr)   Z (Bohr)    CHARGE  Min Distance  Atomic Volume  AN  Charge Gain  Charge Density    1NN  1NN charge  1NN dist    2NN  2NN charge  2NN dist    3NN  3NN charge  3NN dist    4NN  4NN charge  4NN dist  Tags         Class
0          0      Li  1.617037   1.617037  10.000000   3.055757   3.055757  18.897261  3.914315      1.887711     870.047581   3    -0.914315       -0.001051   Li-9    0.729311  2.800790  Li-10    0.730803  2.800790  Li-13    0.731996  2.800790  Li-12    0.729295  2.800790     4   Nucleophile
1          1      Li  4.851111   1.617037  10.000000   9.167271   3.055757  18.897261  2.258905      1.893758     172.140130   3     0.741095        0.004305  Li-10    0.730803  2.800790  Li-11   -2.937174  2.800790  Li-13    0.731996  2.800790  Li-14    0.729123  2.800790     4  Electrophile
2          2      Li  8.085185   1.617037  10.000000  15.278785   3.055757  18.897261  2.258672      1.893753     172.800709   3     0.741328        0.004290  Li-11   -2.937174  2.800790  Li-14    0.729123  2.800790   Li-5   -0.070458  3.234074   Li-1    0.741095  3.234074     4  Electrophile
3          3      Li  1.617037   4.851111  10.000000   3.055757   9.167271  18.897261  3.973254      1.887716     842.586555   3    -0.973254       -0.001155  Li-12    0.729295  2.800790  Li-13    0.731996  2.800790  Li-12    0.729295  2.800790  Li-13    0.731996  2.800790     4   Nucleophile
4          4      Li  4.851111   4.851111  10.000000   9.167271   9.167271  18.897261  4.694712      1.893756    1244.186101   3    -1.694712       -0.001362  Li-14    0.729123  2.800790  Li-16   -1.051394  2.800790  Li-14    0.729123  2.800790  Li-13    0.731996  2.800790     4   Nucleophile
5          5      Li  8.085185   4.851111  10.000000  15.278785   9.167271  18.897261  3.070458      1.893751     510.553360   3    -0.070458       -0.000138  Li-14    0.729123  2.800790  Li-17    0.730171  2.800790   Li-4   -1.694712  3.234074   Li-2    0.741328  3.234074     4   Nucleophile
6          6      Li  1.617037   8.085185  10.000000   3.055757  15.278785  18.897261  4.658321      1.887697    1196.811517   3    -1.658321       -0.001386  Li-15   -0.124501  2.800790  Li-16   -1.051394  2.800790   Li-7    0.738204  3.234074   Li-3   -0.973254  3.234074     4   Nucleophile
7          7      Li  4.851111   8.085185  10.000000   9.167271  15.278785  18.897261  2.261796      1.893755     191.586804   3     0.738204        0.003853  Li-16   -1.051394  2.800790  Li-17    0.730171  2.800790   Li-4   -1.694712  3.234074   Li-8    0.740937  3.234074     4  Electrophile
8          8      Li  8.085185   8.085185  10.000000  15.278785  15.278785  18.897261  2.259063      1.887702     170.665247   3     0.740937        0.004341  Li-17    0.730171  2.800790   Li-5   -0.070458  3.234074   Li-5   -0.070458  3.234074  Li-26    0.748036  3.525392     4  Electrophile
9          9      Li  0.000000   0.000000  11.617037   0.000000   0.000000  21.953018  2.270689      1.875212      53.260062   3     0.729311        0.013693   Li-0   -0.914315  2.800790  Li-18    0.034027  2.949460  Li-10    0.730803  3.234074  Li-12    0.729295  3.234074     3  Electrophile
10        10      Li  3.234074   0.000000  11.617037   6.111514   0.000000  21.953018  2.269197      1.876409      50.920365   3     0.730803        0.014352   Li-1    0.741095  2.800790   Li-0   -0.914315  2.800790  Li-18    0.034027  2.944949  Li-19    0.747771  2.960122     3  Electrophile
11        11      Li  6.468148   0.000000  11.617037  12.223028   0.000000  21.953018  5.937174      3.147088    1438.769667   3    -2.937174       -0.002041   Li-1    0.741095  2.800790   Li-2    0.741328  2.800790  Li-20    0.752143  2.932778  Li-19    0.747771  2.949946     3   Nucleophile
12        12      Li  0.000000   3.234074  11.617037   0.000000   6.111514  21.953018  2.270705      1.876417      53.057145   3     0.729295        0.013745   Li-3   -0.973254  2.800790   Li-0   -0.914315  2.800790  Li-18    0.034027  2.937327  Li-21    0.753130  2.947237     3  Electrophile
13        13      Li  3.234074   3.234074  11.617037   6.111514   6.111514  21.953018  2.268004      1.876405      49.978689   3     0.731996        0.014646   Li-1    0.741095  2.800790   Li-3   -0.973254  2.800790   Li-1    0.741095  2.800790   Li-4   -1.694712  2.800790     3  Electrophile
14        14      Li  6.468148   3.234074  11.617037  12.223028   6.111514  21.953018  2.270877      1.876409      52.663170   3     0.729123        0.013845   Li-1    0.741095  2.800790   Li-4   -1.694712  2.800790   Li-5   -0.070458  2.800790   Li-2    0.741328  2.800790     3  Electrophile
15        15      Li  0.000000   6.468148  11.617037   0.000000  12.223028  21.953018  3.124501      1.875204     406.297387   3    -0.124501       -0.000306   Li-3   -0.973254  2.800790   Li-6   -1.658321  2.800790  Li-24    0.757420  2.928605  Li-21    0.753130  2.939496     3   Nucleophile
16        16      Li  3.234074   6.468148  11.617037   6.111514  12.223028  21.953018  4.051394      1.879517     695.772428   3    -1.051394       -0.001511   Li-3   -0.973254  2.800790   Li-4   -1.694712  2.800790   Li-6   -1.658321  2.800790   Li-7    0.738204  2.800790     3   Nucleophile
17        17      Li  6.468148   6.468148  11.617037  12.223028  12.223028  21.953018  2.269829      1.876428      51.265149   3     0.730171        0.014243   Li-4   -1.694712  2.800790   Li-5   -0.070458  2.800790   Li-7    0.738204  2.800790   Li-8    0.740937  2.800790     3  Electrophile
18        18      Li  1.621148   1.628079  13.466510   3.063526   3.076623  25.448016  2.965973      1.919112     246.467569   3     0.034027        0.000138  Li-13    0.731996  2.932798  Li-12    0.729295  2.937327  Li-10    0.730803  2.944949   Li-9    0.729311  2.949460     2  Electrophile
19        19      Li  4.860410   1.569902  13.528257   9.184843   2.966685  25.564701  2.252229      1.939397      42.381591   3     0.747771        0.017644  Li-11   -2.937174  2.949946  Li-10    0.730803  2.960122  Li-32   -1.725804  2.993565  Li-14    0.729123  3.001175     2  Electrophile
20        20      Li  8.027769   1.591064  13.524204  15.170286   3.006676  25.557041  2.247857      1.941232      41.498330   3     0.752143        0.018125  Li-11   -2.937174  2.932778  Li-14    0.729123  2.961281  Li-32   -1.725804  2.987930  Li-19    0.747771  3.167433     2  Electrophile
21        21      Li  1.626730   4.858156  13.461573   3.074074   9.180585  25.438686  2.246870      1.932612      41.227334   3     0.753130        0.018268  Li-16   -1.051394  2.928812  Li-13    0.731996  2.936581  Li-15   -0.124501  2.939496  Li-12    0.729295  2.947237     2  Electrophile
22        22      Li  4.838946   4.857897  13.476597   9.144283   9.180095  25.467077  2.240026      1.922517      39.524938   3     0.759974        0.019228  Li-16   -1.051394  2.937088  Li-13    0.731996  2.944551  Li-17    0.730171  2.950452  Li-14    0.729123  2.957881     2  Electrophile
23        23      Li  8.079398   4.848341  13.491737  15.267849   9.162036  25.495688  2.243355      1.930125      40.210552   3     0.756645        0.018817  Li-14    0.729123  2.952369  Li-17    0.730171  2.955402  Li-32   -1.725804  2.970910  Li-35   -1.105042  3.002155     2  Electrophile
24        24      Li  1.624610   8.064252  13.458184   3.070068  15.239227  25.432282  2.242580      1.925325      39.778365   3     0.757420        0.019041  Li-16   -1.051394  2.920230  Li-15   -0.124501  2.928605  Li-33   -0.551488  2.992825  Li-34    0.731998  3.015697     2  Electrophile
25        25      Li  4.883130   8.121495  13.568442   9.227778  15.347400  25.640639  2.240786      1.944986      40.444654   3     0.759214        0.018772  Li-34    0.731998  2.982933  Li-17    0.730171  3.008956  Li-35   -1.105042  3.010688  Li-16   -1.051394  3.043176     2  Electrophile
26        26      Li  8.008314   8.083765  13.524553  15.133521  15.276102  25.557701  2.251964      1.941742      42.377199   3     0.748036        0.017652  Li-17    0.730171  2.936145  Li-35   -1.105042  3.006083  Li-25    0.759214  3.125721  Li-23    0.756645  3.236371     2  Electrophile
27        27      Li  0.036582  -0.019204  15.340249   0.069130  -0.036290  28.988869  4.773644      2.711214     688.950983   3    -1.773644       -0.002574  Li-18    0.034027  2.955552  Li-28   -0.387431  3.089730  Li-30    0.724438  3.226952   Li-9    0.729311  3.723441     1   Nucleophile
28        28      Li  3.124594  -0.003006  15.441967   5.904628  -0.005680  29.181089  3.387431      1.941712     455.567623   3    -0.387431       -0.000850  Li-18    0.034027  2.970390  Li-19    0.747771  3.024794  Li-27   -1.773644  3.089730  Li-31   -0.484555  3.254950     1   Nucleophile
29        29      Li  6.356788  -0.061138  15.904595  12.012588  -0.115535  30.055329  2.197376      1.286455      43.967595   3     0.802624        0.018255   O-36   -1.242290  1.953047   H-44    0.507575  2.358577   C-37    0.335505  3.189188  Li-19    0.747771  3.247526     1  Electrophile
30        30      Li  0.003755   3.206611  15.419375   0.007096   6.059616  29.138396  2.275562      1.961103     104.990779   3     0.724438        0.006900  Li-18    0.034027  2.986872  Li-21    0.753130  3.032266  Li-31   -0.484555  3.212101  Li-27   -1.773644  3.226952     1  Electrophile
31        31      Li  3.215555   3.250601  15.420301   6.076518   6.142745  29.140145  3.484555      1.952730     583.899153   3    -0.484555       -0.000830  Li-21    0.753130  2.990855  Li-18    0.034027  2.998668  Li-22    0.759974  2.999464  Li-19    0.747771  3.018298     1   Nucleophile
32        32      Li  6.440467   3.279798  15.410039  12.170719   6.197920  29.120754  4.725804      2.754567     624.422426   3    -1.725804       -0.002764  Li-22    0.759974  2.965378  Li-23    0.756645  2.970910  Li-20    0.752143  2.987930  Li-19    0.747771  2.993565     1   Nucleophile
33        33      Li  0.025116   6.449833  15.405559   0.047462  12.188417  29.112288  3.551488      1.960548     588.810453   3    -0.551488       -0.000937  Li-21    0.753130  2.979544  Li-24    0.757420  2.992825  Li-34    0.731998  3.222312  Li-30    0.724438  3.243322     1   Nucleophile
34        34      Li  3.247083   6.477223  15.443972   6.136097  12.240177  29.184877  2.268002      1.963362     173.759954   3     0.731998        0.004213  Li-25    0.759214  2.982933  Li-22    0.759974  3.004465  Li-24    0.757420  3.015697  Li-21    0.753130  3.029328     1  Electrophile
35        35      Li  6.456830   6.407548  15.478965  12.201640  12.108511  29.251005  4.105042      1.950881     642.785118   3    -1.105042       -0.001719  Li-23    0.756645  3.002155  Li-22    0.759974  3.004737  Li-26    0.748036  3.006083  Li-25    0.759214  3.010688     1   Nucleophile
36        36       O  6.987254   0.632686  17.617929  13.203995   1.195604  33.293060  9.242290      1.357980     173.067752   8    -1.242290       -0.007178   H-44    0.507575  0.977565   C-37    0.335505  1.453659  Li-29    0.802624  1.953047   H-39    0.080487  2.032574     0   Nucleophile
37        37       C  7.159708   0.163339  18.982882  13.529887   0.308667  35.872448  5.664495      0.889734     100.223542   6     0.335505        0.003348   H-39    0.080487  1.091720   H-40    0.064207  1.096258   O-36   -1.242290  1.453659   C-38   -0.175611  1.521233     0  Electrophile
38        38       C  7.495816   1.297172  19.939755  14.165040   2.451300  37.680675  6.175611      1.244015     301.277181   6    -0.175611       -0.000583   H-43    0.069630  1.091593   H-41    0.075379  1.092712   H-42    0.067777  1.092996   C-37    0.335505  1.521233     0   Nucleophile
39        39       H  6.211258  -0.310986  19.242327  11.737577  -0.587679  36.362729  0.919513      0.603484     412.688841   1     0.080487        0.000195   C-37    0.335505  1.091720   H-40    0.064207  1.770992   O-36   -1.242290  2.032574   C-38   -0.175611  2.173170     0  Electrophile
40        40       H  7.941228  -0.605157  19.003407  15.006745  -1.143581  35.911236  0.935793      0.616298     338.491410   1     0.064207        0.000190   C-37    0.335505  1.096258   H-39    0.080487  1.770992   O-36   -1.242290  2.088510   C-38   -0.175611  2.166563     0  Electrophile
41        41       H  7.564448   0.908615  20.958741  14.294735   1.717034  39.606280  0.924621      0.630653     863.835766   1     0.075379        0.000087   C-38   -0.175611  1.092712   H-42    0.067777  1.766213   H-43    0.069630  1.774226   C-37    0.335505  2.150179     0  Electrophile
42        42       H  8.458980   1.748588  19.688399  15.985156   3.304352  37.205683  0.932223      0.603478     370.172411   1     0.067777        0.000183   C-38   -0.175611  1.092996   H-41    0.075379  1.766213   H-43    0.069630  1.771087   C-37    0.335505  2.167689     0  Electrophile
43        43       H  6.733641   2.078226  19.914880  12.724737   3.927278  37.633669  0.930370      0.628785     469.586480   1     0.069630        0.000148   C-38   -0.175611  1.091593   H-42    0.067777  1.771087   H-41    0.075379  1.774226   C-37    0.335505  2.171853     0  Electrophile
44        44       H  7.779669   1.139815  17.352353  14.701444   2.153939  32.791196  0.492425      0.251808      52.663170   1     0.507575        0.009638   O-36   -1.242290  0.977565   C-37    0.335505  1.999120  Li-29    0.802624  2.358577   H-40    0.064207  2.407698     0  Electrophile