   ASE Index Element    X (Ang)    Y (Ang)    Z (Ang)   X (Bohr)   Y (Bohr)   Z (Bohr)    CHARGE  Min Distance  Atomic Volume  AN  Charge Gain  Charge Density    1NN  1NN charge  1NN dist    2NN  2NN charge  2NN dist    3NN  3NN charge  3NN dist    4NN  4NN charge  4NN dist  Tags         Class
0          0      Li   1.617037   1.617037  10.000000   3.055757   3.055757  18.897261  2.231704      1.848020     165.460113   3     0.768296    4.643391e-03   Li-9   -2.326903  2.800790  Li-10    0.776960  2.800790  Li-12    0.776350  2.800790  Li-10    0.776960  2.800790     4  Electrophile
1          1      Li   4.851111   1.617037  10.000000   9.167271   3.055757  18.897261  5.849662      3.199342    1538.566292   3    -2.849662   -1.852154e-03  Li-10    0.776960  2.800790  Li-11    0.776724  2.800790  Li-14    0.776472  2.800790  Li-13    0.776589  2.800790     4   Nucleophile
2          2      Li   8.085185   1.617037  10.000000  15.278785   3.055757  18.897261  2.231416      1.848025     161.634991   3     0.768584    4.755060e-03  Li-11    0.776724  2.800790  Li-14    0.776472  2.800790   Li-5   -1.054430  3.234074   Li-1   -2.849662  3.234074     4  Electrophile
3          3      Li   1.617037   4.851111  10.000000   3.055757   9.167271  18.897261  4.059626      1.848023     906.177828   3    -1.059626   -1.169336e-03  Li-12    0.776350  2.800790  Li-13    0.776589  2.800790  Li-13    0.776589  2.800790  Li-16   -0.116201  2.800790     4   Nucleophile
4          4      Li   4.851111   4.851111  10.000000   9.167271   9.167271  18.897261  2.227924      1.850109     146.206694   3     0.772076    5.280716e-03  Li-14    0.776472  2.800790  Li-16   -0.116201  2.800790  Li-17   -0.109993  2.800790  Li-13    0.776589  2.800790     4  Electrophile
5          5      Li   8.085185   4.851111  10.000000  15.278785   9.167271  18.897261  4.054430      1.848035     901.538841   3    -1.054430   -1.169589e-03  Li-14    0.776472  2.800790  Li-17   -0.109993  2.800790   Li-2    0.768584  3.234074   Li-4    0.772076  3.234074     4   Nucleophile
6          6      Li   1.617037   8.085185  10.000000   3.055757  15.278785  18.897261  2.226112      1.843711     139.843789   3     0.773888    5.533946e-03  Li-15   -2.786297  2.800790  Li-16   -0.116201  2.800790   Li-3   -1.059626  3.234074   Li-7   -0.195044  3.234074     4  Electrophile
7          7      Li   4.851111   8.085185  10.000000   9.167271  15.278785  18.897261  3.195044      1.848011     549.535428   3    -0.195044   -3.549253e-04  Li-16   -0.116201  2.800790  Li-17   -0.109993  2.800790   Li-4    0.772076  3.234074   Li-8    0.773847  3.234074     4   Nucleophile
8          8      Li   8.085185   8.085185  10.000000  15.278785  15.278785  18.897261  2.226153      1.843723     139.332543   3     0.773847    5.553957e-03  Li-17   -0.109993  2.800790   Li-5   -1.054430  3.234074   Li-7   -0.195044  3.234074  Li-26    0.785595  3.514827     4  Electrophile
9          9      Li   0.000000   0.000000  11.617037   0.000000   0.000000  21.953018  5.326903      1.834295    1196.980615   3    -2.326903   -1.943977e-03   Li-0    0.768296  2.800790  Li-18    0.788037  2.943685  Li-12    0.776350  3.234074  Li-10    0.776960  3.234074     3   Nucleophile
10        10      Li   3.234074   0.000000  11.617037   6.111514   0.000000  21.953018  2.223040      1.833948      37.147468   3     0.776960    2.091556e-02   Li-1   -2.849662  2.800790   Li-0    0.768296  2.800790  Li-19    0.788113  2.963072  Li-18    0.788037  2.986958     3  Electrophile
11        11      Li   6.468148   0.000000  11.617037  12.223028   0.000000  21.953018  2.223276      1.833937      37.216864   3     0.776724    2.087022e-02   Li-1   -2.849662  2.800790   Li-2    0.768584  2.800790  Li-19    0.788113  2.957817  Li-20    0.788538  2.997534     3  Electrophile
12        12      Li   0.000000   3.234074  11.617037   0.000000   6.111514  21.953018  2.223650      1.835881      37.417146   3     0.776350    2.074851e-02   Li-3   -1.059626  2.800790   Li-0    0.768296  2.800790  Li-21    0.789432  2.928408  Li-18    0.788037  3.027175     3  Electrophile
13        13      Li   3.234074   3.234074  11.617037   6.111514   6.111514  21.953018  2.223411      1.835898      37.324472   3     0.776589    2.080643e-02   Li-1   -2.849662  2.800790   Li-3   -1.059626  2.800790   Li-0    0.768296  2.800790   Li-4    0.772076  2.800790     3  Electrophile
14        14      Li   6.468148   3.234074  11.617037  12.223028   6.111514  21.953018  2.223528      1.835909      37.300754   3     0.776472    2.081652e-02   Li-1   -2.849662  2.800790   Li-4    0.772076  2.800790   Li-2    0.768584  2.800790   Li-5   -1.054430  2.800790     3  Electrophile
15        15      Li   0.000000   6.468148  11.617037   0.000000  12.223028  21.953018  5.786297      1.952307    1445.946437   3    -2.786297   -1.926971e-03   Li-3   -1.059626  2.800790   Li-6    0.773888  2.800790  Li-24    0.783317  2.955311  Li-21    0.789432  2.976913     3   Nucleophile
16        16      Li   3.234074   6.468148  11.617037   6.111514  12.223028  21.953018  3.116201      1.833933     416.016771   3    -0.116201   -2.793181e-04   Li-3   -1.059626  2.800790   Li-4    0.772076  2.800790   Li-6    0.773888  2.800790   Li-7   -0.195044  2.800790     3   Nucleophile
17        17      Li   6.468148   6.468148  11.617037  12.223028  12.223028  21.953018  3.109993      1.833943     417.530305   3    -0.109993   -2.634372e-04   Li-4    0.772076  2.800790   Li-5   -1.054430  2.800790   Li-5   -1.054430  2.800790   Li-8    0.773847  2.800790     3   Nucleophile
18        18      Li   1.580936   1.603369  13.521701   2.980779   2.910115  25.639544  2.211963      1.898298      37.021414   3     0.788037    2.128598e-02   Li-9   -2.326903  2.943685  Li-28   -0.674731  2.948530  Li-30   -0.483853  2.966878  Li-10    0.776960  2.986958     2  Electrophile
19        19      Li   4.848966   1.646218  13.466234   9.176362   3.104008  25.463726  2.211887      1.887030      35.978279   3     0.788113    2.190524e-02  Li-14    0.776472  2.929766  Li-13    0.776589  2.935072  Li-11    0.776724  2.957817  Li-10    0.776960  2.963072     2  Electrophile
20        20      Li   8.123411   1.604050  13.523404  15.373367   2.909538  25.653927  2.211462      1.897344      37.003845   3     0.788538    2.130962e-02  Li-29    0.107457  2.947513  Li-11    0.776724  2.997534  Li-32    0.761577  3.027641  Li-14    0.776472  3.079884     2  Electrophile
21        21      Li   1.579311   4.859479  13.515313   3.043787   9.083585  25.492238  2.210568      1.887437      36.100380   3     0.789432    2.186769e-02  Li-12    0.776350  2.928408  Li-13    0.776589  2.935395  Li-33   -1.298635  2.954551  Li-15   -2.786297  2.976913     2  Electrophile
22        22      Li   4.855620   4.812642  13.457479   9.173048   9.139343  25.467401  2.211886      1.886323      35.789416   3     0.788114    2.202087e-02  Li-14    0.776472  2.937816  Li-13    0.776589  2.941179  Li-17   -0.109993  2.954040  Li-16   -0.116201  2.957385     2  Electrophile
23        23      Li   8.127422   4.862220  13.518038  15.303814   9.087846  25.489779  2.210553      1.888374      36.089839   3     0.789447    2.187449e-02  Li-14    0.776472  2.939601  Li-17   -0.109993  2.985483  Li-32    0.761577  2.989565  Li-35   -1.046566  3.030171     2  Electrophile
24        24      Li   1.601316   8.100264  13.469764   3.019410  15.282372  25.518515  2.216683      1.886019      37.483907   3     0.783317    2.089742e-02  Li-15   -2.786297  2.955311  Li-16   -0.116201  2.976285  Li-34   -2.044404  3.020841  Li-33   -1.298635  3.110682     2  Electrophile
25        25      Li   4.848652   8.096177  13.468271   9.168047  15.279379  25.465989  2.211273      1.891151      35.697620   3     0.788727    2.209467e-02  Li-17   -0.109993  2.947054  Li-16   -0.116201  2.947505  Li-34   -2.044404  2.963642  Li-35   -1.046566  2.969197     2  Electrophile
26        26      Li   8.103490   8.097487  13.477268  15.325571  15.272555  25.539155  2.214405      1.891196      37.057868   3     0.785595    2.119914e-02  Li-17   -0.109993  2.983441  Li-35   -1.046566  3.002685  Li-25    0.788727  3.258653  Li-23    0.789447  3.272932     2  Electrophile
27        27      Li  -0.016045   0.021880  15.616706  -0.028495  -0.504555  30.009670  2.178651      1.321804      42.312634   3     0.821349    1.941144e-02  Li-18    0.788037  3.339008  Li-28   -0.674731  3.360976  Li-30   -0.483853  3.412359   Li-9   -2.326903  4.271775     1  Electrophile
28        28      Li   3.286338   0.033555  15.405904   6.238420   0.045706  29.136567  3.674731      1.918856     527.940116   3    -0.674731   -1.278045e-03  Li-18    0.788037  2.948530  Li-19    0.788113  2.968796  Li-29    0.107457  3.117529  Li-31    0.120580  3.219783     1   Nucleophile
29        29      Li   6.416532   0.026560  15.400167  12.129662   0.028818  29.147440  2.892543      1.903436     273.597426   3     0.107457    3.927559e-04  Li-20    0.788538  2.947513  Li-19    0.788113  2.981693  Li-28   -0.674731  3.117529  Li-32    0.761577  3.227377     1  Electrophile
30        30      Li   0.001655   3.257402  15.512905   0.011744   5.907994  29.331612  3.483853      1.912348     369.932600   3    -0.483853   -1.307949e-03  Li-18    0.788037  2.966878  Li-21    0.789432  3.086444  Li-33   -1.298635  3.161970  Li-31    0.120580  3.239076     1   Nucleophile
31        31      Li   3.229375   3.235426  15.449059   6.127582   6.128723  29.213083  2.879420      1.913296     345.833324   3     0.120580    3.486651e-04  Li-21    0.789432  2.997484  Li-22    0.788114  3.010680  Li-19    0.788113  3.016850  Li-18    0.788037  3.041365     1  Electrophile
32        32      Li   6.476959   3.231516  15.444052  12.241130   6.126431  29.200086  2.238423      1.918631     120.607500   3     0.761577    6.314508e-03  Li-23    0.789447  2.989565  Li-22    0.788114  3.013231  Li-19    0.788113  3.016228  Li-20    0.788538  3.027641     1  Electrophile
33        33      Li   0.001008   6.483385  15.554156  -0.010631  11.882433  29.235249  4.298635      1.478651     387.726069   3    -1.298635   -3.349362e-03  Li-21    0.789432  2.954551  Li-24    0.783317  3.110682  Li-30   -0.483853  3.161970  Li-34   -2.044404  3.303470     1   Nucleophile
34        34      Li   3.302764   6.434382  15.355054   6.222458  12.200441  29.100397  5.044404      3.273635     990.351144   3    -2.044404   -2.064322e-03  Li-22    0.788114  2.959372  Li-25    0.788727  2.963642  Li-24    0.783317  3.020841  Li-21    0.789432  3.032400     1   Nucleophile
35        35      Li   6.415661   6.444763  15.360749  12.142656  12.210594  29.101540  4.046566      1.899234     603.605842   3    -1.046566   -1.733857e-03  Li-22    0.788114  2.968025  Li-25    0.788727  2.969197  Li-26    0.785595  3.002685  Li-23    0.789447  3.030171     1   Nucleophile
36        36       O   9.595155  10.457876  19.542158  18.008495  19.821963  36.015748  9.076219      1.304983     270.349433   8    -1.076219   -3.980844e-03   H-44    0.512342  0.966386   C-37    0.516354  1.440682   H-40    0.005557  2.016270   H-39   -0.011200  2.086241     0   Nucleophile
37        37       C   9.665751   9.294386  20.382489  18.205343  17.994338  38.023984  5.483646      0.870580      68.417364   6     0.516354    7.547119e-03   H-40    0.005557  1.091940   H-39   -0.011200  1.097119   O-36   -1.076219  1.440682   C-38    0.029461  1.521592     0  Electrophile
38        38       C   9.742333   9.626837  21.863623  18.069579  19.158938  40.649466  5.970539      1.191044     186.387818   6     0.029461    1.580629e-04   H-42    0.001524  1.090500   H-41    0.000349  1.092517   H-43   -0.017935  1.093519   C-37    0.516354  1.521592     0  Electrophile
39        39       H   8.809883   8.634912  20.192826  16.742843  16.542024  37.799795  1.011200      0.630425     284.443396   1    -0.011200   -3.937515e-05   C-37    0.516354  1.097119   H-40    0.005557  1.767834   O-36   -1.076219  2.086241   C-38    0.029461  2.164399     0   Nucleophile
40        40       H  10.567266   8.768950  20.058092  20.037420  17.091119  37.731428  0.994443      0.647530     247.883597   1     0.005557    2.241778e-05   C-37    0.516354  1.091940   H-39   -0.011200  1.767834   O-36   -1.076219  2.016270   C-38    0.029461  2.160134     0  Electrophile
41        41       H   9.829513   8.705640  22.443517  18.347948  17.706252  42.089818  0.999651      0.659781     568.189758   1     0.000349    6.142314e-07   C-38    0.029461  1.092517   H-43   -0.017935  1.764953   H-42    0.001524  1.767329   C-37    0.516354  2.158261     0  Electrophile
42        42       H  10.609695  10.251206  22.080781  19.529371  20.592587  40.895095  0.998476      0.661425     581.748318   1     0.001524    2.619690e-06   C-38    0.029461  1.090500   H-41    0.000349  1.767329   H-43   -0.017935  1.771558   C-37    0.516354  2.165572     0  Electrophile
43        43       H   8.841925  10.151722  22.197161  16.229601  20.035783  40.989832  1.017935      0.654321     599.995936   1    -0.017935   -2.989187e-05   C-38    0.029461  1.093519   H-41    0.000349  1.764953   H-42    0.001524  1.771558   C-37    0.516354  2.173322     0   Nucleophile
44        44       H   8.766612  10.914831  19.733367  16.418629  20.701175  36.201050  0.487658      0.318288     138.288090   1     0.512342    3.704889e-03   O-36   -1.076219  0.966386   C-37    0.516354  1.968824   H-39   -0.011200  2.364163   H-43   -0.017935  2.560414     0  Electrophile
45        45       N   9.771873   8.288137  17.002187  18.541963  14.811977  32.334561  7.416763      0.984493     159.937865   7    -0.416763   -2.605781e-03   N-46   -0.136915  1.133923   H-39   -0.011200  3.179412   H-40    0.005557  3.199534   O-36   -1.076219  3.301985     0   Nucleophile
46        46       N   9.841972   7.395873  17.695990  18.615638  12.993319  33.465341  7.136915      0.945530     379.485082   7    -0.136915   -3.607915e-04   N-45   -0.416763  1.133923   H-39   -0.011200  3.125649   H-40    0.005557  3.219422   C-37    0.516354  3.587484     0   Nucleophile