   Atom                     Volume(s)
  ------------------------------------------------------------------------
     1   ...       4   31   39
     2   ...      58   67
     3   ...      79
     4   ...      14   27   32   40
     5   ...      54   57   59
     6   ...      17   23   72   80
     7   ...       5   33   42
     8   ...      60   63
     9   ...       2   81
    10   ...       3   25
    11   ...      46
    12   ...      53   74
    13   ...      12
    14   ...      47
    15   ...      75
    16   ...      21
    17   ...      48
    18   ...      52   76
    19   ...      30
    20   ...      61
    21   ...      77
    22   ...      15   29
    23   ...      51   56
    24   ...      78
    25   ...      26   34
    26   ...      62
    27   ...      82
    28   ...       7
    29   ...      38   49   55
    30   ...      69
    31   ...      13
    32   ...      37   44
    33   ...      66   68   71
    34   ...      19   20   22   24   28
    35   ...      41   43   45   50
    36   ...      70   73
    37   ...       8
    38   ...       1
    39   ...      10
    40   ...      11
    41   ...      16
    42   ...      64
    43   ...      18
    44   ...      35
    45   ...      36
    46   ...       9
    47   ...       6
    48   ...      65
  ------------------------------------------------------------------------
