   ASE Index Element    X (Ang)    Y (Ang)    Z (Ang)   X (Bohr)   Y (Bohr)   Z (Bohr)    CHARGE  Min Distance  Atomic Volume  AN  Charge Gain  Tags    1NN  1NN charge  1NN dist    2NN  2NN charge  2NN dist    3NN  3NN charge  3NN dist    4NN  4NN charge  4NN dist         Class
0          0      Li   1.617037   1.617037  10.000000   3.055757   3.055757  18.897261  4.147634      1.843717     877.587142   3    -1.147634     4   Li-9   -0.229565  2.800790  Li-10   -2.812801  2.800790  Li-13    0.777070  2.800790  Li-10   -2.812801  2.800790   Nucleophile
1          1      Li   4.851111   1.617037  10.000000   9.167271   3.055757  18.897261  3.124774      1.848015     543.366217   3    -0.124774     4  Li-10   -2.812801  2.800790  Li-11    0.776202  2.800790  Li-13    0.777070  2.800790  Li-14    0.776533  2.800790   Nucleophile
2          2      Li   8.085185   1.617037  10.000000  15.278785   3.055757  18.897261  2.229571      1.848035     155.344996   3     0.770429     4  Li-11    0.776202  2.800790  Li-14    0.776533  2.800790   Li-5   -1.851480  3.234074   Li-1   -0.124774  3.234074  Electrophile
3          3      Li   1.617037   4.851111  10.000000   3.055757   9.167271  18.897261  3.104466      1.848016     541.860150   3    -0.104466     4  Li-12    0.776822  2.800790  Li-13    0.777070  2.800790  Li-16    0.777130  2.800790  Li-15    0.776808  2.800790   Nucleophile
4          4      Li   4.851111   4.851111  10.000000   9.167271   9.167271  18.897261  4.067288      1.850124     871.614699   3    -1.067288     4  Li-14    0.776533  2.800790  Li-16    0.777130  2.800790  Li-17   -0.267633  2.800790  Li-13    0.777070  2.800790   Nucleophile
5          5      Li   8.085185   4.851111  10.000000  15.278785   9.167271  18.897261  4.851480      1.848013    1233.472335   3    -1.851480     4  Li-14    0.776533  2.800790  Li-17   -0.267633  2.800790   Li-8    0.770434  3.234074   Li-4   -1.067288  3.234074   Nucleophile
6          6      Li   1.617037   8.085185  10.000000   3.055757  15.278785  18.897261  4.134849      1.843729     877.133872   3    -1.134849     4  Li-15    0.776808  2.800790  Li-16    0.777130  2.800790   Li-3   -0.104466  3.234074   Li-7   -0.127379  3.234074   Nucleophile
7          7      Li   4.851111   8.085185  10.000000   9.167271  15.278785  18.897261  3.127379      1.848020     542.976195   3    -0.127379     4  Li-16    0.777130  2.800790  Li-17   -0.267633  2.800790   Li-4   -1.067288  3.234074   Li-8    0.770434  3.234074   Nucleophile
8          8      Li   8.085185   8.085185  10.000000  15.278785  15.278785  18.897261  2.229566      1.848041     155.093766   3     0.770434     4  Li-17   -0.267633  2.800790   Li-5   -1.851480  3.234074   Li-7   -0.127379  3.234074  Li-26    0.788968  3.524968  Electrophile
9          9      Li   0.000000   0.000000  11.617037   0.000000   0.000000  21.953018  3.229565      1.832703     422.911125   3    -0.229565     3   Li-0   -1.147634  2.800790  Li-18    0.784603  2.925785  Li-12    0.776822  3.234074  Li-10   -2.812801  3.234074   Nucleophile
10        10      Li   3.234074   0.000000  11.617037   6.111514   0.000000  21.953018  5.812801      1.948020    1463.148284   3    -2.812801     3   Li-1   -0.124774  2.800790   Li-0   -1.147634  2.800790  Li-18    0.784603  2.939949  Li-19    0.789251  2.953409   Nucleophile
11        11      Li   6.468148   0.000000  11.617037  12.223028   0.000000  21.953018  2.223798      1.840638      37.210276   3     0.776202     3   Li-1   -0.124774  2.800790   Li-2    0.770429  2.800790  Li-19    0.789251  2.931619  Li-20    0.789051  2.975565  Electrophile
12        12      Li   0.000000   3.234074  11.617037   0.000000   6.111514  21.953018  2.223178      1.833948      36.919516   3     0.776822     3   Li-3   -0.104466  2.800790   Li-0   -1.147634  2.800790  Li-21    0.788003  2.927381  Li-18    0.784603  2.934156  Electrophile
13        13      Li   3.234074   3.234074  11.617037   6.111514   6.111514  21.953018  2.222930      1.835889      37.123751   3     0.777070     3   Li-1   -0.124774  2.800790   Li-3   -0.104466  2.800790   Li-0   -1.147634  2.800790   Li-4   -1.067288  2.800790  Electrophile
14        14      Li   6.468148   3.234074  11.617037  12.223028   6.111514  21.953018  2.223467      1.835895      37.126386   3     0.776533     3   Li-1   -0.124774  2.800790   Li-4   -1.067288  2.800790   Li-5   -1.851480  2.800790   Li-2    0.770429  2.800790  Electrophile
15        15      Li   0.000000   6.468148  11.617037   0.000000  12.223028  21.953018  2.223192      1.834303      36.951578   3     0.776808     3   Li-3   -0.104466  2.800790   Li-6   -1.134849  2.800790  Li-21    0.788003  2.929975  Li-24    0.784177  2.934129  Electrophile
16        16      Li   3.234074   6.468148  11.617037   6.111514  12.223028  21.953018  2.222870      1.833949      37.066214   3     0.777130     3   Li-3   -0.104466  2.800790   Li-4   -1.067288  2.800790   Li-6   -1.134849  2.800790   Li-7   -0.127379  2.800790  Electrophile
17        17      Li   6.468148   6.468148  11.617037  12.223028  12.223028  21.953018  3.267633      1.837481     377.293839   3    -0.267633     3   Li-4   -1.067288  2.800790   Li-5   -1.851480  2.800790   Li-7   -0.127379  2.800790   Li-8    0.770434  2.800790   Nucleophile
18        18      Li   1.604192   1.609453  13.459982   3.031484   3.041426  25.435680  2.215397      1.879173      36.445603   3     0.784603     2   Li-9   -0.229565  2.925785  Li-12    0.776822  2.934156  Li-10   -2.812801  2.939949  Li-13    0.777070  2.948280  Electrophile
19        19      Li   4.870937   1.601847  13.481814   9.204737   3.027052  25.476935  2.210749      1.879195      35.792491   3     0.789251     2  Li-11    0.776202  2.931619  Li-14    0.776533  2.948328  Li-10   -2.812801  2.953409  Li-28   -1.696744  2.965591  Electrophile
20        20      Li   8.118619   1.578221  13.524693  15.341965   2.982406  25.557966  2.210949      1.894782      36.273431   3     0.789051     2  Li-11    0.776202  2.975565  Li-29    0.209522  2.986872  Li-32   -0.392248  3.013402  Li-14    0.776533  3.017458  Electrophile
21        21      Li   1.603223   4.848762  13.458780   3.029652   9.162832  25.433408  2.211997      1.881747      35.533354   3     0.788003     2  Li-12    0.776822  2.927381  Li-15    0.776808  2.929975  Li-13    0.777070  2.942602  Li-16    0.777130  2.945183  Electrophile
22        22      Li   4.876923   4.850217  13.448711   9.216049   9.165582  25.414380  2.212592      1.882444      35.591330   3     0.787408     2  Li-14    0.776533  2.915295  Li-17   -0.267633  2.916287  Li-13    0.777070  2.943790  Li-16    0.777130  2.944772  Electrophile
23        23      Li   8.068527   4.848481  13.462128  15.247306   9.162300  25.439735  2.212215      1.886432      35.815330   3     0.787785     2  Li-14    0.776533  2.927778  Li-17   -0.267633  2.930682  Li-32   -0.392248  3.003446  Li-35    0.302399  3.004832  Electrophile
24        24      Li   1.606287   8.095149  13.456010   3.035443  15.297614  25.428174  2.215823      1.878717      36.492599   3     0.784177     2  Li-15    0.776808  2.934129  Li-16    0.777130  2.945954  Li-34   -1.246431  3.009732  Li-33   -1.136218  3.016723  Electrophile
25        25      Li   4.870078   8.099124  13.481021   9.203115  15.305125  25.475438  2.210830      1.880682      35.795565   3     0.789170     2  Li-17   -0.267633  2.947600  Li-16    0.777130  2.968338  Li-34   -1.246431  2.981827  Li-35    0.302399  2.993451  Electrophile
26        26      Li   8.116672   8.127493  13.524574  15.338287  15.358736  25.557740  2.211032      1.892005      36.260694   3     0.788968     2  Li-35    0.302399  3.012515  Li-17   -0.267633  3.018237  Li-25    0.789170  3.247010  Li-23    0.787785  3.279961  Electrophile
27        27      Li   0.107195   0.000485  15.630081   0.202570   0.000917  29.536572  2.184073      1.334073      39.659338   3     0.815927     1  Li-18    0.784603  3.088544  Li-28   -1.696744  3.174380  Li-30   -0.384878  3.277313   Li-9   -0.229565  4.014475  Electrophile
28        28      Li   3.273302   0.002212  15.401048   6.185644   0.004179  29.103762  4.696744      1.676324     508.722713   3    -1.696744     1  Li-19    0.789251  2.965591  Li-18    0.784603  3.022729  Li-27    0.815927  3.174380  Li-29    0.209522  3.227109   Nucleophile
29        29      Li   6.499545  -0.000840  15.475737  12.282360  -0.001587  29.244905  2.790478      1.910920     181.767279   3     0.209522     1  Li-20    0.789051  2.986872  Li-19    0.789251  3.032606  Li-28   -1.696744  3.227109  Li-32   -0.392248  3.235902  Electrophile
30        30      Li  -0.013304   3.267738  15.403543  -0.025141   6.175129  29.108478  3.384878      1.906943     340.208740   3    -0.384878     1  Li-21    0.788003  2.982432  Li-18    0.784603  3.023844  Li-33   -1.136218  3.168854  Li-31   -0.455256  3.265592   Nucleophile
31        31      Li   3.251848   3.273282  15.350211   6.145102   6.185606  29.007695  3.455256      1.898033     507.275939   3    -0.455256     1  Li-22    0.787408  2.956907  Li-21    0.788003  2.962704  Li-19    0.789251  2.984301  Li-18    0.784603  3.009329   Nucleophile
32        32      Li   6.459380   3.234300  15.418083  12.206460   6.111941  29.135954  3.392248      1.914442     493.969049   3    -0.392248     1  Li-19    0.789251  2.989514  Li-22    0.787408  2.998964  Li-23    0.787785  3.003446  Li-20    0.789051  3.013402   Nucleophile
33        33      Li  -0.014266   6.436541  15.385634  -0.026958  12.163299  29.074634  4.136218      1.917511     564.108135   3    -1.136218     1  Li-21    0.788003  2.974908  Li-24    0.784177  3.016723  Li-30   -0.384878  3.168854  Li-34   -1.246431  3.266015   Nucleophile
34        34      Li   3.251462   6.425374  15.343797   6.144373  12.142197  28.995575  4.246431      1.916888     816.296476   3    -1.246431     1  Li-22    0.787408  2.952049  Li-21    0.788003  2.959001  Li-25    0.789170  2.981827  Li-24    0.784177  3.009732   Nucleophile
35        35      Li   6.464402   6.468158  15.419792  12.215950  12.223046  29.139184  2.697601      1.917799     229.788388   3     0.302399     1  Li-25    0.789170  2.993451  Li-22    0.787408  3.003828  Li-23    0.787785  3.004832  Li-26    0.788968  3.012515  Electrophile
36        36       O   8.911100  10.037186  19.406991  16.839538  18.967532  36.673899  9.066664      1.289261     280.147876   8    -1.066664     0   H-44    0.516229  0.965195   C-37    0.509885  1.438727   H-40    0.017497  2.017439   H-39   -0.014228  2.089771   Nucleophile
37        37       C   9.339872   9.022260  20.332202  17.649801  17.049600  38.422293  5.490115      0.855699      75.185664   6     0.509885     0   H-40    0.017497  1.091313   H-39   -0.014228  1.097053   O-36   -1.066664  1.438727   C-38    0.033578  1.521921  Electrophile
38        38       C   9.755865   9.585251  21.683585  18.435912  18.113498  40.976037  5.966422      1.185690     176.171243   6     0.033578     0   H-42    0.000834  1.090473   H-41   -0.002685  1.092945   H-43   -0.018704  1.093060   C-37    0.509885  1.521921  Electrophile
39        39       H   8.556252   8.264384  20.455037  16.168972  15.617423  38.654419  1.014228      0.646691     448.467716   1    -0.014228     0   C-37    0.509885  1.097053   H-40    0.017497  1.766668   O-36   -1.066664  2.089771   C-38    0.033578  2.166354   Nucleophile
40        40       H  10.191924   8.542164  19.847970  19.259944  16.142351  37.507227  0.982503      0.594520     154.660700   1     0.017497     0   C-37    0.509885  1.091313   H-39   -0.014228  1.766668   O-36   -1.066664  2.017439   C-38    0.033578  2.155843  Electrophile
41        41       H  10.136807   8.786073  22.324465  19.155788  16.603271  42.187124  1.002685      0.637423     558.852052   1    -0.002685     0   C-38    0.033578  1.092945   H-43   -0.018704  1.767919   H-42    0.000834  1.769585   C-37    0.509885  2.158703   Nucleophile
42        42       H  10.543327  10.329418  21.560095  19.924000  19.519770  40.742675  0.999166      0.649423     512.933904   1     0.000834     0   C-38    0.033578  1.090473   H-41   -0.002685  1.769585   H-43   -0.018704  1.771345   C-37    0.509885  2.159789  Electrophile
43        43       H   8.913166  10.055690  22.196738  16.843443  19.002500  41.945756  1.018704      0.645237     554.551261   1    -0.018704     0   C-38    0.033578  1.093060   H-41   -0.002685  1.767919   H-42    0.000834  1.771345   C-37    0.509885  2.174063   Nucleophile
44        44       H   8.091401  10.423389  19.739470  15.290532  19.697350  37.302192  0.483771      0.308240     206.566224   1     0.516229     0   O-36   -1.066664  0.965195   C-37    0.509885  1.968038   H-39   -0.014228  2.321513   H-43   -0.018704  2.616996  Electrophile
45        45       N  11.135275   9.686522  17.144855  21.042620  18.304874  32.399080  7.335955      0.968867     158.540284   7    -0.335955     0   N-46   -0.077559  1.121753   H-40    0.017497  3.083228   O-36   -1.066664  3.191736   C-37    0.509885  3.718050   Nucleophile
46        46       N  11.881523   9.680032  17.982353  22.452824  18.292610  33.981722  7.077559      0.936193     370.359516   7    -0.077559     0   N-45   -0.335955  1.121753   H-40    0.017497  2.762248   O-36   -1.066664  3.313694   C-37    0.509885  3.523413   Nucleophile