   ASE Index Element    X (Ang)    Y (Ang)    Z (Ang)   X (Bohr)   Y (Bohr)   Z (Bohr)    CHARGE  Min Distance  Atomic Volume  AN  Charge Gain  Charge Density    1NN  1NN charge  1NN dist    2NN  2NN charge  2NN dist    3NN  3NN charge  3NN dist    4NN  4NN charge  4NN dist  Tags         Class
0          0      Li   1.617037   1.617037  10.000000   3.055757   3.055757  18.897261  3.223739      1.847150     541.873904   3    -0.223739       -0.000413   Li-9    0.774989  2.800790  Li-10    0.776473  2.800790  Li-13    0.776418  2.800790  Li-10    0.776473  2.800790     4   Nucleophile
1          1      Li   4.851111   1.617037  10.000000   9.167271   3.055757  18.897261  5.284096      1.847159    1320.317735   3    -2.284096       -0.001730  Li-10    0.776473  2.800790  Li-11    0.774928  2.800790  Li-13    0.776418  2.800790  Li-14    0.775185  2.800790     4   Nucleophile
2          2      Li   8.085185   1.617037  10.000000  15.278785   3.055757  18.897261  2.231755      1.859445     166.713734   3     0.768245        0.004608  Li-11    0.774928  2.800790  Li-14    0.775185  2.800790   Li-5   -0.174950  3.234074   Li-1   -2.284096  3.234074     4  Electrophile
3          3      Li   1.617037   4.851111  10.000000   3.055757   9.167271  18.897261  3.224896      1.850310     519.585275   3    -0.224896       -0.000433  Li-12   -0.292972  2.800790  Li-13    0.776418  2.800790  Li-16   -0.132491  2.800790  Li-15    0.776303  2.800790     4   Nucleophile
4          4      Li   4.851111   4.851111  10.000000   9.167271   9.167271  18.897261  4.964294      1.855292    1188.361981   3    -1.964294       -0.001653  Li-14    0.775185  2.800790  Li-16   -0.132491  2.800790  Li-17    0.776579  2.800790  Li-13    0.776418  2.800790     4   Nucleophile
5          5      Li   8.085185   4.851111  10.000000  15.278785   9.167271  18.897261  3.174950      1.847139     530.442964   3    -0.174950       -0.000330  Li-14    0.775185  2.800790  Li-17    0.776579  2.800790   Li-2    0.768245  3.234074   Li-4   -1.964294  3.234074     4   Nucleophile
6          6      Li   1.617037   8.085185  10.000000   3.055757  15.278785  18.897261  5.006627      1.855285    1197.737807   3    -2.006627       -0.001675  Li-15    0.776303  2.800790  Li-16   -0.132491  2.800790   Li-3   -0.224896  3.234074   Li-7   -0.070136  3.234074     4   Nucleophile
7          7      Li   4.851111   8.085185  10.000000   9.167271  15.278785  18.897261  3.070136      1.850315     520.551476   3    -0.070136       -0.000135  Li-16   -0.132491  2.800790  Li-17    0.776579  2.800790   Li-4   -1.964294  3.234074   Li-8   -2.270710  3.234074     4   Nucleophile
8          8      Li   8.085185   8.085185  10.000000  15.278785  15.278785  18.897261  5.270710      1.847171    1326.631488   3    -2.270710       -0.001712  Li-17    0.776579  2.800790   Li-5   -0.174950  3.234074   Li-7   -0.070136  3.234074  Li-26    0.785652  3.502513     4   Nucleophile
9          9      Li   0.000000   0.000000  11.617037   0.000000   0.000000  21.953018  2.225011      1.833284      37.754931   3     0.774989        0.020527   Li-0   -0.223739  2.800790  Li-18    0.785629  2.914931  Li-12   -0.292972  3.234074  Li-10    0.776473  3.234074     3  Electrophile
10        10      Li   3.234074   0.000000  11.617037   6.111514   0.000000  21.953018  2.223527      1.834417      36.959732   3     0.776473        0.021009   Li-1   -2.284096  2.800790   Li-0   -0.223739  2.800790  Li-18    0.785629  2.952215  Li-19    0.785318  2.956381     3  Electrophile
11        11      Li   6.468148   0.000000  11.617037  12.223028   0.000000  21.953018  2.225072      1.837292      37.008906   3     0.774928        0.020939   Li-1   -2.284096  2.800790   Li-2    0.768245  2.800790  Li-20    0.807292  2.970226  Li-19    0.785318  2.975116     3  Electrophile
12        12      Li   0.000000   3.234074  11.617037   0.000000   6.111514  21.953018  3.292972      1.839807     411.671578   3    -0.292972       -0.000712   Li-3   -0.224896  2.800790   Li-0   -0.223739  2.800790  Li-21    0.787130  2.868416  Li-18    0.785629  2.985257     3   Nucleophile
13        13      Li   3.234074   3.234074  11.617037   6.111514   6.111514  21.953018  2.223582      1.837292      36.894609   3     0.776418        0.021044   Li-1   -2.284096  2.800790   Li-3   -0.224896  2.800790   Li-3   -0.224896  2.800790   Li-4   -1.964294  2.800790     3  Electrophile
14        14      Li   6.468148   3.234074  11.617037  12.223028   6.111514  21.953018  2.224815      1.833281      37.937008   3     0.775185        0.020433   Li-1   -2.284096  2.800790   Li-4   -1.964294  2.800790   Li-2    0.768245  2.800790   Li-5   -0.174950  2.800790     3  Electrophile
15        15      Li   0.000000   6.468148  11.617037   0.000000  12.223028  21.953018  2.223697      1.837292      36.873788   3     0.776303        0.021053   Li-3   -0.224896  2.800790   Li-6   -2.006627  2.800790  Li-24    0.328592  2.934606  Li-21    0.787130  2.959616     3  Electrophile
16        16      Li   3.234074   6.468148  11.617037   6.111514  12.223028  21.953018  3.132491      1.837288     416.149947   3    -0.132491       -0.000318   Li-3   -0.224896  2.800790   Li-4   -1.964294  2.800790   Li-6   -2.006627  2.800790   Li-7   -0.070136  2.800790     3   Nucleophile
17        17      Li   6.468148   6.468148  11.617037  12.223028  12.223028  21.953018  2.223421      1.834428      37.021310   3     0.776579        0.020977   Li-4   -1.964294  2.800790   Li-5   -0.174950  2.800790   Li-5   -0.174950  2.800790   Li-8   -2.270710  2.800790     3  Electrophile
18        18      Li   1.617038   1.617038  13.469728   2.991847   2.934529  25.527944  2.214371      1.895766      37.417359   3     0.785629        0.020996   Li-9    0.774989  2.914931  Li-10    0.776473  2.952215  Li-31   -0.051133  2.980821  Li-12   -0.292972  2.985257     2  Electrophile
19        19      Li   4.851111   1.617038  13.469729   9.134806   3.105804  25.477998  2.214682      1.892637      37.274710   3     0.785318        0.021068  Li-13    0.776418  2.927267  Li-14    0.775185  2.946186  Li-10    0.776473  2.956381  Li-32    0.809894  2.967901     2  Electrophile
20        20      Li   8.085184   1.617038  13.469728  15.255990   2.978624  25.618224  2.192708      1.393298      32.588570   3     0.807292        0.024772   N-45   -1.130266  2.124506   N-46   -1.090198  2.127827  Li-29    0.818034  2.821271  Li-11    0.774928  2.970226     2  Electrophile
21        21      Li   1.617038   4.851111  13.469729   2.916767   9.011983  25.483144  2.212870      1.886559      36.157444   3     0.787130        0.021770  Li-12   -0.292972  2.868416  Li-31   -0.051133  2.870914  Li-33   -0.173735  2.872558  Li-13    0.776418  2.950177     2  Electrophile
22        22      Li   4.851111   4.851111  13.469730   9.049717   9.255272  25.453731  3.693969      1.888294     382.609796   3    -0.693969       -0.001814  Li-16   -0.132491  2.883681  Li-13    0.776418  2.935443  Li-32    0.809894  2.935526  Li-17    0.776579  2.952622     2   Nucleophile
23        23      Li   8.085184   4.851111  13.469729  15.204456   9.098209  25.495545  2.214723      1.890628      37.327871   3     0.785277        0.021037  Li-14    0.775185  2.915702  Li-17    0.776579  2.955960  Li-32    0.809894  2.987356  Li-35   -0.097011  3.073706     2  Electrophile
24        24      Li   1.617038   8.085184  13.469728   3.101426  15.168650  25.482631  2.671408      1.888456     186.284951   3     0.328592        0.001764  Li-16   -0.132491  2.907851  Li-15    0.776303  2.934606  Li-34   -1.296365  2.959787  Li-33   -0.173735  3.070520     2  Electrophile
25        25      Li   4.851111   8.085184  13.469729   9.277576  15.408995  25.492026  2.212589      1.890057      36.196871   3     0.787411        0.021754  Li-35   -0.097011  2.898194  Li-17    0.776579  2.962950  Li-16   -0.132491  3.025992  Li-34   -1.296365  3.074671     2  Electrophile
26        26      Li   8.085184   8.085184  13.469728  15.360907  15.257000  25.515506  2.214348      1.897081      37.420017   3     0.785652        0.020996  Li-35   -0.097011  2.966177  Li-17    0.776579  2.981414  Li-25    0.787411  3.220189  Li-23    0.785277  3.260160     2  Electrophile
27        27      Li  -0.000000  -0.000000  15.445939   0.166354  -0.312571  29.321988  2.188877      1.214439      56.006426   3     0.811123        0.014483  Li-18    0.785629  3.036290  Li-30    0.815549  3.133589  Li-28   -1.087226  3.259397   Li-9    0.774989  3.903990     1  Electrophile
28        28      Li   3.234074   0.000000  15.445939   6.319637  -0.102205  29.146856  4.087226      1.933123     797.416543   3    -1.087226       -0.001363  Li-19    0.785318  2.978333  Li-18    0.785629  3.057915  Li-27    0.811123  3.259397  Li-29    0.818034  3.349752     1   Nucleophile
29        29      Li   6.468148   0.000000  15.445939  12.619372   0.419268  29.481135  2.181966      1.326283      53.716517   3     0.818034        0.015229   N-46   -1.090198  2.035528   N-45   -1.130266  2.038529  Li-20    0.807292  2.821271  Li-32    0.809894  3.132436     1  Electrophile
30        30      Li   0.000000   3.234074  15.445939  -0.499772   5.569673  29.467332  2.184451      1.329379      46.968616   3     0.815549        0.017364  Li-18    0.785629  3.115149  Li-27    0.811123  3.133589  Li-21    0.787130  3.321446  Li-33   -0.173735  3.335489     1  Electrophile
31        31      Li   3.234076   3.234076  15.445938   5.792788   6.224085  29.142293  3.051133      1.924718     321.787428   3    -0.051133       -0.000159  Li-21    0.787130  2.870914  Li-18    0.785629  2.980821  Li-22   -0.693969  3.058313  Li-19    0.785318  3.100085     1   Nucleophile
32        32      Li   6.468146   3.234076  15.445938  11.939421   6.289947  29.145538  2.190106      1.221503      45.733066   3     0.809894        0.017709   N-45   -1.130266  1.840996  Li-22   -0.693969  2.935526  Li-19    0.785318  2.967901  Li-23    0.785277  2.987356     1  Electrophile
33        33      Li   0.000000   6.468148  15.445939   0.108949  11.836404  29.171744  3.173735      1.927715     275.355738   3    -0.173735       -0.000631  Li-21    0.787130  2.872558  Li-24    0.328592  3.070520  Li-34   -1.296365  3.178531  Li-30    0.815549  3.335489     1   Nucleophile
34        34      Li   3.234076   6.468146  15.445938   6.102363  12.233406  29.178907  4.296365      3.444707     934.708330   3    -1.296365       -0.001387  Li-24    0.328592  2.959787  Li-22   -0.693969  2.966845  Li-25    0.787411  3.074671  Li-21    0.787130  3.093956     1   Nucleophile
35        35      Li   6.468146   6.468146  15.445938  12.115887  12.434657  29.110390  3.097011      1.920767     349.824088   3    -0.097011       -0.000277  Li-25    0.787411  2.898194  Li-26    0.785652  2.966177  Li-22   -0.693969  3.034407  Li-23    0.785277  3.073706     1   Nucleophile
36        36       O   8.085185   1.617037  19.645939  15.426037   3.395130  38.810083  9.050108      1.293214    1039.789433   8    -1.050108       -0.001010   H-44    0.520879  0.965339   C-37    0.526332  1.437592   H-40   -0.006361  2.016860   H-39   -0.015841  2.089091     0   Nucleophile
37        37       C   8.901943   2.799444  19.650238  16.913490   5.546294  38.075107  5.473668      0.858898      82.125747   6     0.526332        0.006409   H-40   -0.006361  1.093127   H-39   -0.015841  1.098450   O-36   -1.050108  1.437592   C-38    0.030569  1.523671     0  Electrophile
38        38       C   8.082324   4.083659  19.635704  15.308805   7.803805  37.288267  5.969431      1.171585     133.645387   6     0.030569        0.000229   H-42   -0.019562  1.092252   H-43   -0.017593  1.094302   H-41   -0.009574  1.094361   C-37    0.526332  1.523671     0  Electrophile
39        39       H   9.585478   2.790821  20.510398  18.205872   6.082171  39.608537  1.015841      0.630857     941.881076   1    -0.015841       -0.000017   C-37    0.526332  1.098450   H-40   -0.006361  1.770119   O-36   -1.050108  2.089091   C-38    0.030569  2.165148     0   Nucleophile
40        40       H   9.511668   2.724056  18.747442  18.059018   4.881667  36.489799  1.006361      0.638093     153.484623   1    -0.006361       -0.000041   C-37    0.526332  1.093127   H-39   -0.015841  1.770119   O-36   -1.050108  2.016860   C-38    0.030569  2.165111     0   Nucleophile
41        41       H   8.736271   4.960586  19.620269  16.506375   9.382835  36.697259  1.009574      0.632198     253.590744   1    -0.009574       -0.000038   C-38    0.030569  1.094361   H-43   -0.017593  1.767366   H-42   -0.019562  1.773660   C-37    0.526332  2.167900     0   Nucleophile
42        42       H   7.433301   4.118370  18.758886  14.065719   7.304822  35.717890  1.019562      0.663657     128.207904   1    -0.019562       -0.000153   C-38    0.030569  1.092252   H-43   -0.017593  1.772774   H-41   -0.009574  1.773660   C-37    0.526332  2.166313     0   Nucleophile
43        43       H   7.453837   4.153847  20.528265  14.138065   8.457263  38.862653  1.017593      0.651390     828.664127   1    -0.017593       -0.000021   C-38    0.030569  1.094302   H-41   -0.009574  1.767366   H-42   -0.019562  1.772774   C-37    0.526332  2.168785     0   Nucleophile
44        44       H   7.502208   1.656204  20.414164  14.462796   3.865785  40.286043  0.479121      0.294214     604.962703   1     0.520879        0.000861   O-36   -1.050108  0.965339   C-37    0.526332  1.959975   H-39   -0.015841  2.329702   H-43   -0.017593  2.549578     0  Electrophile
45        45       N   8.085000   1.617000  16.945939  14.391159   3.839682  29.442979  8.130266      1.128162     220.120145   7    -1.130266       -0.005135   N-46   -1.090198  1.257062  Li-32    0.809894  1.840996  Li-29    0.818034  2.038529  Li-20    0.807292  2.124506     0   Nucleophile
46        46       N   8.085000   1.617000  18.042561  16.056603   2.145989  29.469752  8.090198      1.085492     247.576465   7    -1.090198       -0.004403   N-45   -1.130266  1.257062  Li-29    0.818034  2.035528  Li-20    0.807292  2.127827  Li-32    0.809894  3.095967     0   Nucleophile