   ASE Index Element    X (Ang)    Y (Ang)    Z (Ang)   X (Bohr)   Y (Bohr)   Z (Bohr)    CHARGE  Min Distance  Atomic Volume  AN  Charge Gain  Charge Density    1NN  1NN charge  1NN dist    2NN  2NN charge  2NN dist    3NN  3NN charge  3NN dist    4NN  4NN charge  4NN dist  Tags         Class
0          0      Li   1.617037   1.617037  10.000000   3.055757   3.055757  18.897261  3.971543      1.850309     893.452748   3    -0.971543       -0.001087   Li-9    0.775429  2.800790  Li-10    0.776551  2.800790  Li-12   -0.180665  2.800790   Li-9    0.775429  2.800790     4   Nucleophile
1          1      Li   4.851111   1.617037  10.000000   9.167271   3.055757  18.897261  5.014812      1.855280    1204.944665   3    -2.014812       -0.001672  Li-10    0.776551  2.800790  Li-11    0.774867  2.800790  Li-14    0.776191  2.800790  Li-13    0.775715  2.800790     4   Nucleophile
2          2      Li   8.085185   1.617037  10.000000  15.278785   3.055757  18.897261  4.147338      1.847141     939.880894   3    -1.147338       -0.001221  Li-11    0.774867  2.800790  Li-14    0.776191  2.800790   Li-5   -0.269339  3.234074   Li-1   -2.014812  3.234074     4   Nucleophile
3          3      Li   1.617037   4.851111  10.000000   3.055757   9.167271  18.897261  5.020285      1.855280    1208.152044   3    -2.020285       -0.001672  Li-12   -0.180665  2.800790  Li-13    0.775715  2.800790  Li-16    0.776164  2.800790  Li-15    0.774950  2.800790     4   Nucleophile
4          4      Li   4.851111   4.851111  10.000000   9.167271   9.167271  18.897261  3.276541      1.850317     520.924489   3    -0.276541       -0.000531  Li-14    0.776191  2.800790  Li-16    0.776164  2.800790  Li-16    0.776164  2.800790  Li-13    0.775715  2.800790     4   Nucleophile
5          5      Li   8.085185   4.851111  10.000000  15.278785   9.167271  18.897261  3.269339      1.847144     550.178536   3    -0.269339       -0.000490  Li-14    0.776191  2.800790  Li-17   -0.276488  2.800790   Li-8    0.767602  3.234074   Li-4   -0.276541  3.234074     4   Nucleophile
6          6      Li   1.617037   8.085185  10.000000   3.055757  15.278785  18.897261  5.171847      1.847141    1314.400474   3    -2.171847       -0.001652  Li-15    0.774950  2.800790  Li-16    0.776164  2.800790   Li-7   -0.287130  3.234074   Li-3   -2.020285  3.234074     4   Nucleophile
7          7      Li   4.851111   8.085185  10.000000   9.167271  15.278785  18.897261  3.287130      1.847144     544.799531   3    -0.287130       -0.000527  Li-16    0.776164  2.800790  Li-17   -0.276488  2.800790   Li-8    0.767602  3.234074   Li-4   -0.276541  3.234074     4   Nucleophile
8          8      Li   8.085185   8.085185  10.000000  15.278785  15.278785  18.897261  2.232398      1.859442     168.470705   3     0.767602        0.004556  Li-17   -0.276488  2.800790   Li-5   -0.269339  3.234074   Li-5   -0.269339  3.234074  Li-26    0.806779  3.587273     4  Electrophile
9          9      Li   0.000000   0.000000  11.617037   0.000000   0.000000  21.953018  2.224571      1.837300      37.279584   3     0.775429        0.020800   Li-0   -0.971543  2.800790  Li-18    0.787755  2.886754  Li-12   -0.180665  3.234074  Li-10    0.776551  3.234074     3  Electrophile
10        10      Li   3.234074   0.000000  11.617037   6.111514   0.000000  21.953018  2.223449      1.834408      36.995172   3     0.776551        0.020991   Li-1   -2.014812  2.800790   Li-0   -0.971543  2.800790  Li-18    0.787755  2.954297  Li-19   -0.473141  2.965729     3  Electrophile
11        11      Li   6.468148   0.000000  11.617037  12.223028   0.000000  21.953018  2.225133      1.834406      37.964031   3     0.774867        0.020411   Li-1   -2.014812  2.800790   Li-2   -1.147338  2.800790  Li-20    0.785724  2.946559  Li-19   -0.473141  2.994446     3  Electrophile
12        12      Li   0.000000   3.234074  11.617037   0.000000   6.111514  21.953018  3.180665      1.837304     402.209808   3    -0.180665       -0.000449   Li-3   -2.020285  2.800790   Li-0   -0.971543  2.800790  Li-18    0.787755  2.945574  Li-21    0.788546  2.974791     3   Nucleophile
13        13      Li   3.234074   3.234074  11.617037   6.111514   6.111514  21.953018  2.224285      1.837292      38.096934   3     0.775715        0.020362   Li-1   -2.014812  2.800790   Li-3   -2.020285  2.800790   Li-0   -0.971543  2.800790   Li-4   -0.276541  2.800790     3  Electrophile
14        14      Li   6.468148   3.234074  11.617037  12.223028   6.111514  21.953018  2.223809      1.837312      36.948213   3     0.776191        0.021008   Li-1   -2.014812  2.800790   Li-4   -0.276541  2.800790   Li-5   -0.269339  2.800790   Li-2   -1.147338  2.800790     3  Electrophile
15        15      Li   0.000000   6.468148  11.617037   0.000000  12.223028  21.953018  2.225050      1.834406      37.958272   3     0.774950        0.020416   Li-3   -2.020285  2.800790   Li-6   -2.171847  2.800790  Li-24    0.785561  2.939320  Li-21    0.788546  2.991188     3  Electrophile
16        16      Li   3.234074   6.468148  11.617037   6.111514  12.223028  21.953018  2.223836      1.837312      36.883091   3     0.776164        0.021044   Li-3   -2.020285  2.800790   Li-4   -0.276541  2.800790   Li-6   -2.171847  2.800790   Li-7   -0.287130  2.800790     3  Electrophile
17        17      Li   6.468148   6.468148  11.617037  12.223028  12.223028  21.953018  3.276488      1.837284     408.045555   3    -0.276488       -0.000678   Li-4   -0.276541  2.800790   Li-5   -0.269339  2.800790   Li-5   -0.269339  2.800790   Li-8    0.767602  2.800790     3   Nucleophile
18        18      Li   1.617038   1.617038  13.469728   2.940494   2.955529  25.471152  2.212245      1.886620      36.012580   3     0.787755        0.021874   Li-9    0.775429  2.886754  Li-28    0.435265  2.908600  Li-30   -1.498751  2.910137  Li-12   -0.180665  2.945574     2  Electrophile
19        19      Li   4.851111   1.617038  13.469729   9.117266   3.154080  25.478174  3.473141      1.888934     469.234735   3    -0.473141       -0.001008  Li-13    0.775715  2.908438  Li-31   -0.768296  2.936440  Li-14    0.776191  2.937715  Li-29    0.798063  2.942928     2   Nucleophile
20        20      Li   8.085184   1.617038  13.469728  15.174042   3.111278  25.504946  2.214276      1.894744      37.212246   3     0.785724        0.021115  Li-14    0.776191  2.914133  Li-11    0.774867  2.946559  Li-29    0.798063  2.998088  Li-32   -0.039536  3.116870     2  Electrophile
21        21      Li   1.617038   4.851111  13.469729   3.148618   9.138690  25.491962  2.211454      1.889432      36.060868   3     0.788546        0.021867  Li-13    0.775715  2.920880  Li-16    0.776164  2.937578  Li-31   -0.768296  2.962828  Li-33    0.810079  2.971947     2  Electrophile
22        22      Li   4.851111   4.851111  13.469730   9.312200   9.346182  25.513152  2.212626      1.891133      36.291675   3     0.787374        0.021696  Li-17   -0.276488  2.870449  Li-32   -0.039536  2.870931  Li-34   -0.081975  2.889574  Li-16    0.776164  2.955595     2  Electrophile
23        23      Li   8.085184   4.851111  13.469729  15.344504   9.246095  25.521902  2.214277      1.896825      37.390779   3     0.785723        0.021014  Li-17   -0.276488  2.962573  Li-32   -0.039536  2.973355  Li-14    0.776191  3.007763  Li-35    0.815959  3.164731     2  Electrophile
24        24      Li   1.617038   8.085184  13.469728   3.082585  15.201059  25.485947  2.214439      1.895353      37.144909   3     0.785561        0.021149  Li-16    0.776164  2.923658  Li-15    0.774950  2.939320  Li-33    0.810079  2.985396  Li-34   -0.081975  3.119802     2  Electrophile
25        25      Li   4.851111   8.085184  13.469729   9.191709  15.366243  25.530760  2.214044      1.899428      37.422675   3     0.785956        0.021002  Li-17   -0.276488  2.987342  Li-34   -0.081975  2.992058  Li-16    0.776164  3.001309  Li-35    0.815959  3.140107     2  Electrophile
26        26      Li   8.085184   8.085184  13.469728  15.241600  15.311402  25.676045  2.193221      1.398358      32.794125   3     0.806779        0.024601   N-45   -1.149928  2.127842   N-46   -1.094476  2.134304  Li-35    0.815959  2.778170  Li-17   -0.276488  3.017273     2  Electrophile
27        27      Li  -0.000000  -0.000000  15.445939  -0.407396  -0.367775  29.255599  3.541071      1.322866     265.659174   3    -0.541071       -0.002037  Li-18    0.787755  3.200308  Li-28    0.435265  3.327028  Li-30   -1.498751  3.353737   Li-9    0.775429  3.875258     1   Nucleophile
28        28      Li   3.234074   0.000000  15.445939   5.862427   0.083072  29.134803  2.564735      1.918224     172.242920   3     0.435265        0.002527  Li-18    0.787755  2.908600  Li-19   -0.473141  3.058077  Li-31   -0.768296  3.179664  Li-29    0.798063  3.259076     1  Electrophile
29        29      Li   6.468148   0.000000  15.445939  12.012525   0.355877  29.314305  2.201937      1.213839      69.581084   3     0.798063        0.011470  Li-19   -0.473141  2.942928  Li-20    0.785724  2.998088  Li-32   -0.039536  3.257822  Li-28    0.435265  3.259076     1  Electrophile
30        30      Li   0.000000   3.234074  15.445939   0.087653   5.948512  29.096941  4.498751      1.924174     547.412393   3    -1.498751       -0.002738  Li-18    0.787755  2.910137  Li-21    0.788546  3.018751  Li-31   -0.768296  3.196874  Li-33    0.810079  3.268388     1   Nucleophile
31        31      Li   3.234076   3.234076  15.445938   6.127266   6.085906  29.119113  3.768296      1.923862     567.139991   3    -0.768296       -0.001355  Li-19   -0.473141  2.936440  Li-21    0.788546  2.962828  Li-18    0.787755  3.051953  Li-22    0.787374  3.075433     1   Nucleophile
32        32      Li   6.468146   3.234076  15.445938  12.099605   6.510668  29.204197  3.039536      1.926240     446.564233   3    -0.039536       -0.000089  Li-22    0.787374  2.870931  Li-23    0.785723  2.973355  Li-19   -0.473141  3.087616  Li-20    0.785724  3.116870     1   Nucleophile
33        33      Li   0.000000   6.468148  15.445939   0.275069  12.119105  29.286848  2.189921      1.219841      55.918711   3     0.810079        0.014487  Li-21    0.788546  2.971947  Li-24    0.785561  2.985396  Li-34   -0.081975  3.253915  Li-30   -1.498751  3.268388     1  Electrophile
34        34      Li   3.234076   6.468146  15.445938   6.423832  12.109973  29.232813  3.081975      1.925788     614.786410   3    -0.081975       -0.000133  Li-22    0.787374  2.889574  Li-25    0.785956  2.992058  Li-21    0.788546  3.065097  Li-24    0.785561  3.119802     1   Nucleophile
35        35      Li   6.468146   6.468146  15.445938  12.731155  12.811157  29.550154  2.184041      1.331754      66.962462   3     0.815959        0.012185   N-45   -1.149928  2.041460   N-46   -1.094476  2.045867  Li-26    0.806779  2.778170  Li-25    0.785956  3.140107     1  Electrophile
36        36       O   9.702222   9.702222  18.445939  19.195477  18.905643  37.528446  9.052055      1.299627    1728.227730   8    -1.052055       -0.000609   H-44    0.517363  0.966006   C-37    0.520739  1.433321   H-39    0.012169  2.016983   H-40   -0.046768  2.088147     0   Nucleophile
37        37       C  10.518979  10.884630  18.450238  20.355501  20.977844  36.225851  5.479261      0.843511      74.810353   6     0.520739        0.006961   H-39    0.012169  1.092288   H-40   -0.046768  1.099871   O-36   -1.052055  1.433321   C-38    0.028261  1.523522     0  Electrophile
38        38       C   9.699361  12.168844  18.435704  18.499799  23.071529  35.546348  5.971739      1.154332     123.864651   6     0.028261        0.000228   H-43    0.008501  1.091347   H-41   -0.035272  1.095701   H-42   -0.060077  1.097422   C-37    0.520739  1.523522     0  Electrophile
39        39       H  11.202515  10.876006  19.310398  21.799800  21.688675  37.517877  0.987831      0.612898     792.254168   1     0.012169        0.000015   C-37    0.520739  1.092288   H-40   -0.046768  1.765763   O-36   -1.052055  2.016983   C-38    0.028261  2.161818     0  Electrophile
40        40       H  11.128705  10.809241  17.547442  21.330540  20.303450  34.518670  1.046768      0.624957     104.150786   1    -0.046768       -0.000449   C-37    0.520739  1.099871   H-39    0.012169  1.765763   O-36   -1.052055  2.088147   C-38    0.028261  2.164553     0   Nucleophile
41        41       H  10.353307  13.045771  18.420269  19.495588  24.634398  34.622701  1.035272      0.644244     167.150983   1    -0.035272       -0.000211   C-38    0.028261  1.095701   H-42   -0.060077  1.772870   H-43    0.008501  1.774270   C-37    0.520739  2.161216     0   Nucleophile
42        42       H   9.050338  12.203555  17.558886  17.038639  22.388714  34.242687  1.060077      0.658823     114.247829   1    -0.060077       -0.000526   C-38    0.028261  1.097422   H-43    0.008501  1.771686   H-41   -0.035272  1.772870   C-37    0.520739  2.177040     0   Nucleophile
43        43       H   9.070873  12.239032  19.328265  17.562969  23.800844  37.232682  0.991499      0.615592     919.162729   1     0.008501        0.000009   C-38    0.028261  1.091347   H-42   -0.060077  1.771686   H-41   -0.035272  1.774270   C-37    0.520739  2.167772     0  Electrophile
44        44       H   9.119245   9.741389  19.214164  17.953020  18.152899  36.422969  0.482637      0.288954     103.812771   1     0.517363        0.004984   O-36   -1.052055  0.966006   C-37    0.520739  1.965171   H-40   -0.046768  2.346283   H-42   -0.060077  2.567020     0  Electrophile
45        45       N   9.702000   9.702000  16.945939  16.162921  14.573170  29.519861  8.149928      1.124305     304.546877   7    -1.149928       -0.003776   N-46   -1.094476  1.259439  Li-35    0.815959  2.041460  Li-26    0.806779  2.127842  Li-23    0.785723  3.551059     0   Nucleophile
46        46       N   8.605378   9.702000  16.945939  14.481955  16.258021  29.522336  8.094476      1.094331     323.685275   7    -1.094476       -0.003381   N-45   -1.149928  1.259439  Li-35    0.815959  2.045867  Li-26    0.806779  2.134304  Li-25    0.785956  3.538556     0   Nucleophile