   ASE Index Element    X (Ang)    Y (Ang)    Z (Ang)   X (Bohr)   Y (Bohr)   Z (Bohr)    CHARGE  Min Distance  Atomic Volume  AN  Charge Gain  Charge Density    1NN  1NN charge  1NN dist    2NN  2NN charge  2NN dist    3NN  3NN charge  3NN dist    4NN  4NN charge  4NN dist  Tags         Class
0          0      Li   1.617037   1.617037  10.000000   3.055757   3.055757  18.897261  2.232580      1.859457     171.640428   3     0.767420        0.004471   Li-9    0.774977  2.800790  Li-10    0.774836  2.800790   Li-9    0.774977  2.800790  Li-12    0.774852  2.800790     4  Electrophile
1          1      Li   4.851111   1.617037  10.000000   9.167271   3.055757  18.897261  3.232628      1.847148     548.124307   3    -0.232628       -0.000424  Li-10    0.774836  2.800790  Li-11    0.776891  2.800790  Li-13   -0.122415  2.800790  Li-14    0.776887  2.800790     4   Nucleophile
2          2      Li   8.085185   1.617037  10.000000  15.278785   3.055757  18.897261  5.177887      1.847146    1305.578409   3    -2.177887       -0.001668  Li-11    0.776891  2.800790  Li-14    0.776887  2.800790   Li-5   -0.955150  3.234074   Li-1   -0.232628  3.234074     4   Nucleophile
3          3      Li   1.617037   4.851111  10.000000   3.055757   9.167271  18.897261  5.221620      1.847153    1311.119112   3    -2.221620       -0.001694  Li-12    0.774852  2.800790  Li-13   -0.122415  2.800790  Li-12    0.774852  2.800790  Li-13   -0.122415  2.800790     4   Nucleophile
4          4      Li   4.851111   4.851111  10.000000   9.167271   9.167271  18.897261  4.085461      1.850305     858.437379   3    -1.085461       -0.001264  Li-14    0.776887  2.800790  Li-16    0.776065  2.800790  Li-17    0.775668  2.800790  Li-13   -0.122415  2.800790     4   Nucleophile
5          5      Li   8.085185   4.851111  10.000000  15.278785   9.167271  18.897261  3.955150      1.850300     889.793500   3    -0.955150       -0.001073  Li-14    0.776887  2.800790  Li-17    0.775668  2.800790   Li-2   -2.177887  3.234074   Li-4   -1.085461  3.234074     4   Nucleophile
6          6      Li   1.617037   8.085185  10.000000   3.055757  15.278785  18.897261  3.125250      1.847156     530.885086   3    -0.125250       -0.000236  Li-15    0.776327  2.800790  Li-16    0.776065  2.800790   Li-3   -2.221620  3.234074   Li-7   -1.407824  3.234074     4   Nucleophile
7          7      Li   4.851111   8.085185  10.000000   9.167271  15.278785  18.897261  4.407824      1.859114     905.741352   3    -1.407824       -0.001554  Li-16    0.776065  2.800790  Li-17    0.775668  2.800790   Li-8   -1.893630  3.234074   Li-6   -0.125250  3.234074     4   Nucleophile
8          8      Li   8.085185   8.085185  10.000000  15.278785  15.278785  18.897261  4.893630      1.855270    1185.273771   3    -1.893630       -0.001598  Li-17    0.775668  2.800790   Li-5   -0.955150  3.234074   Li-7   -1.407824  3.234074  Li-26   -0.456975  3.461937     4   Nucleophile
9          9      Li   0.000000   0.000000  11.617037   0.000000   0.000000  21.953018  2.225023      1.833004      37.600764   3     0.774977        0.020611   Li-0    0.767420  2.800790  Li-18    0.807127  3.007737  Li-12    0.774852  3.234074  Li-10    0.774836  3.234074     3  Electrophile
10        10      Li   3.234074   0.000000  11.617037   6.111514   0.000000  21.953018  2.225164      1.833679      36.692598   3     0.774836        0.021117   Li-1   -0.232628  2.800790   Li-0    0.767420  2.800790  Li-19    0.784464  2.941273  Li-18    0.807127  3.043600     3  Electrophile
11        11      Li   6.468148   0.000000  11.617037  12.223028   0.000000  21.953018  2.223109      1.833292      36.843220   3     0.776891        0.021086   Li-1   -0.232628  2.800790   Li-2   -2.177887  2.800790  Li-20    0.784840  2.926866  Li-19    0.784464  3.018425     3  Electrophile
12        12      Li   0.000000   3.234074  11.617037   0.000000   6.111514  21.953018  2.225148      1.833673      36.640766   3     0.774852        0.021147   Li-3   -2.221620  2.800790   Li-0    0.767420  2.800790  Li-18    0.807127  2.942042  Li-21    0.785678  2.987357     3  Electrophile
13        13      Li   3.234074   3.234074  11.617037   6.111514   6.111514  21.953018  3.122415      1.834420     374.819054   3    -0.122415       -0.000327   Li-1   -0.232628  2.800790   Li-3   -2.221620  2.800790   Li-0    0.767420  2.800790   Li-4   -1.085461  2.800790     3   Nucleophile
14        14      Li   6.468148   3.234074  11.617037  12.223028   6.111514  21.953018  2.223113      1.833681      37.020867   3     0.776887        0.020985   Li-1   -0.232628  2.800790   Li-4   -1.085461  2.800790   Li-5   -0.955150  2.800790   Li-2   -2.177887  2.800790     3  Electrophile
15        15      Li   0.000000   6.468148  11.617037   0.000000  12.223028  21.953018  2.223673      1.834403      37.037258   3     0.776327        0.020961   Li-3   -2.221620  2.800790   Li-6   -0.125250  2.800790  Li-21    0.785678  2.961067  Li-24    0.785108  2.973578     3  Electrophile
16        16      Li   3.234074   6.468148  11.617037   6.111514  12.223028  21.953018  2.223935      1.838177      36.734683   3     0.776065        0.021126   Li-3   -2.221620  2.800790   Li-4   -1.085461  2.800790   Li-6   -0.125250  2.800790   Li-7   -1.407824  2.800790     3  Electrophile
17        17      Li   6.468148   6.468148  11.617037  12.223028  12.223028  21.953018  2.224332      1.837284      37.946311   3     0.775668        0.020441   Li-4   -1.085461  2.800790   Li-5   -0.955150  2.800790   Li-7   -1.407824  2.800790   Li-8   -1.893630  2.800790     3  Electrophile
18        18      Li   1.617038   1.617038  13.469728   2.992352   3.169953  25.600317  2.192873      1.390638      32.345801   3     0.807127        0.024953   N-46   -1.082554  2.120836   N-45   -1.110720  2.121125  Li-28    0.816649  2.810826  Li-30    0.819373  2.812957     2  Electrophile
19        19      Li   4.851111   1.617038  13.469729   9.032936   3.152390  25.477408  2.215536      1.888369      37.090419   3     0.784464        0.021150  Li-13   -0.122415  2.884499  Li-29   -1.364652  2.930205  Li-10    0.774836  2.941273  Li-14    0.776887  2.963129     2  Electrophile
20        20      Li   8.085184   1.617038  13.469728  15.279834   3.019961  25.435468  2.215160      1.886983      37.067383   3     0.784840        0.021173  Li-11    0.776891  2.926866  Li-14    0.776887  2.947722  Li-32   -2.826566  2.949671  Li-29   -1.364652  3.110282     2  Electrophile
21        21      Li   1.617038   4.851111  13.469729   3.137729   9.212960  25.475085  2.214322      1.892300      37.144023   3     0.785678        0.021152  Li-16    0.776065  2.913305  Li-13   -0.122415  2.940022  Li-15    0.776327  2.961067  Li-31    0.809701  2.974286     2  Electrophile
22        22      Li   4.851111   4.851111  13.469730   9.191424   9.275120  25.444145  2.212145      1.882602      35.752977   3     0.787855        0.022036  Li-17    0.775668  2.901742  Li-16    0.776065  2.915952  Li-31    0.809701  2.942745  Li-35    0.378211  2.956061     2  Electrophile
23        23      Li   8.085184   4.851111  13.469729  15.419671   9.083501  25.458310  2.212573      1.884265      35.909802   3     0.787427        0.021928  Li-32   -2.826566  2.892085  Li-14    0.776887  2.962367  Li-17    0.775668  3.010373  Li-35    0.378211  3.043842     2  Electrophile
24        24      Li   1.617038   8.085184  13.469728   2.984198  15.401232  25.498372  2.214892      1.893591      37.264521   3     0.785108        0.021069  Li-34   -0.099646  2.960790  Li-15    0.776327  2.973578  Li-16    0.776065  3.014481  Li-33    0.351217  3.034745     2  Electrophile
25        25      Li   4.851111   8.085184  13.469729   8.986399  15.415265  25.427312  2.214012      1.883703      35.971823   3     0.785988        0.021850  Li-34   -0.099646  2.855709  Li-16    0.776065  2.923725  Li-17    0.775668  3.027748  Li-35    0.378211  3.114619     2  Electrophile
26        26      Li   8.085184   8.085184  13.469728  15.174858  15.236415  25.438411  3.456975      1.887659     435.405742   3    -0.456975       -0.001050  Li-17    0.775668  2.895608  Li-35    0.378211  2.969096  Li-23    0.787427  3.258575  Li-25    0.785988  3.276164     2   Nucleophile
27        27      Li  -0.000000  -0.000000  15.445939  -0.324962  -0.121027  29.196684  2.186120      1.215704      45.109311   3     0.813880        0.018042   N-45   -1.110720  1.836795   N-46   -1.082554  3.090613  Li-28    0.816649  3.117763  Li-18    0.807127  3.120305     1  Electrophile
28        28      Li   3.234074   0.000000  15.445939   5.512102   0.613391  29.515534  2.183351      1.329865      59.534101   3     0.816649        0.013717   N-46   -1.082554  2.036790   N-45   -1.110720  2.039034  Li-18    0.807127  2.810826  Li-31    0.809701  3.117077     1  Electrophile
29        29      Li   6.468148   0.000000  15.445939  11.800720  -0.136954  28.967552  4.364652      2.399899     561.685231   3    -1.364652       -0.002430  Li-19    0.784464  2.930205  Li-20    0.784840  3.110282  Li-28    0.816649  3.363920  Li-32   -2.826566  3.369330     1   Nucleophile
30        30      Li   0.000000   3.234074  15.445939   0.356983   5.827249  29.375296  2.180627      1.329186      43.217666   3     0.819373        0.018959   N-46   -1.082554  2.035979   N-45   -1.110720  2.045649  Li-18    0.807127  2.812957   H-40   -0.028778  3.033669     1  Electrophile
31        31      Li   3.234076   3.234076  15.445938   6.267633   6.448518  29.237071  2.190299      1.214821      61.323411   3     0.809701        0.013204   N-46   -1.082554  1.840501  Li-22    0.787855  2.942745  Li-21    0.785678  2.974286  Li-19    0.784464  3.023563     1  Electrophile
32        32      Li   6.468146   3.234076  15.445938  12.342900   6.206974  28.940840  5.826566      3.038750    1033.769838   3    -2.826566       -0.002734  Li-23    0.787427  2.892085  Li-20    0.784840  2.949671  Li-22    0.787855  2.973401  Li-19    0.784464  3.006626     1   Nucleophile
33        33      Li   0.000000   6.468148  15.445939  -0.085064  12.131208  29.072577  2.648783      1.910196     316.952879   3     0.351217        0.001108  Li-21    0.785678  2.986197  Li-24    0.785108  3.034745  Li-34   -0.099646  3.345460  Li-30    0.819373  3.347938     1  Electrophile
34        34      Li   3.234076   6.468146  15.445938   6.217005  12.629813  29.127855  3.099646      1.923572     644.116211   3    -0.099646       -0.000155  Li-25    0.785988  2.855709  Li-24    0.785108  2.960790  Li-22    0.787855  3.070635  Li-21    0.785678  3.108192     1   Nucleophile
35        35      Li   6.468146   6.468146  15.445938  12.238560  12.180543  29.115452  2.621789      1.920647     336.761991   3     0.378211        0.001123  Li-22    0.787855  2.956061  Li-26   -0.456975  2.969096  Li-23    0.787427  3.043842  Li-25    0.785988  3.114619     1  Electrophile
36        36       O   0.000000   1.617037  18.445939  -0.418061   3.111151  36.417991  9.055209      1.295925     801.680940   8    -1.055209       -0.001316   H-44    0.513003  0.965011   C-37    0.537446  1.436650   H-40   -0.028778  2.018517   H-39   -0.016329  2.096230     0   Nucleophile
37        37       C  -1.182408   2.433794  18.450238  -2.666487   4.587896  36.051459  5.462554      0.822664      78.153293   6     0.537446        0.006877   H-40   -0.028778  1.093700   H-39   -0.016329  1.098967   O-36   -1.055209  1.436650   C-38    0.011681  1.522350     0  Electrophile
38        38       C  -2.466622   1.614176  18.435704  -4.961672   2.985842  35.386878  5.988319      1.190664     132.099288   6     0.011681        0.000088   H-42   -0.041530  1.093305   H-43   -0.012658  1.093546   H-41   -0.016137  1.094217   C-37    0.537446  1.522350     0  Electrophile
39        39       H  -1.173784   3.117330  19.310398  -3.061121   5.758579  37.720784  1.016329      0.652648    1038.311115   1    -0.016329       -0.000016   C-37    0.537446  1.098967   H-40   -0.028778  1.763978   O-36   -1.055209  2.096230   C-38    0.011681  2.165575     0   Nucleophile
40        40       H  -1.107019   3.043520  17.547442  -2.214684   5.874929  34.498703  1.028778      0.639715     113.267895   1    -0.028778       -0.000254   C-37    0.537446  1.093700   H-39   -0.016329  1.763978   O-36   -1.055209  2.018517   C-38    0.011681  2.161326     0   Nucleophile
41        41       H  -3.343549   2.268122  18.420269  -6.601117   4.179944  34.984364  1.016137      0.646339     252.067682   1    -0.016137       -0.000064   C-38    0.011681  1.094217   H-43   -0.012658  1.765414   H-42   -0.041530  1.772488   C-37    0.537446  2.168105     0   Nucleophile
42        42       H  -2.501333   0.965153  17.558886  -4.579842   1.827776  33.719053  1.041530      0.644488      87.109590   1    -0.041530       -0.000477   C-38    0.011681  1.093305   H-43   -0.012658  1.770303   H-41   -0.016137  1.772488   C-37    0.537446  2.163766     0   Nucleophile
43        43       H  -2.536810   0.985688  19.328265  -5.474351   1.723929  36.940960  1.012658      0.630394     911.889863   1    -0.012658       -0.000014   C-38    0.011681  1.093546   H-41   -0.016137  1.765414   H-42   -0.041530  1.770303   C-37    0.537446  2.173986     0   Nucleophile
44        44       H  -0.039167   1.034060  19.214164  -0.728805   1.957633  37.795806  0.486997      0.318289     630.228790   1     0.513003        0.000814   O-36   -1.055209  0.965011   C-37    0.537446  1.959788   H-39   -0.016329  2.360184   H-43   -0.012658  2.554648     0  Electrophile
45        45       N   0.000000   1.617000  16.945939   2.083197   2.368658  29.421077  8.110720      1.120695     213.311109   7    -1.110720       -0.005207   N-46   -1.082554  1.255240  Li-27    0.813880  1.836795  Li-28    0.816649  2.039034  Li-30    0.819373  2.045649     0   Nucleophile
46        46       N   0.000000   2.713622  16.945939   3.764552   4.041834  29.435156  8.082554      1.090738     276.859307   7    -1.082554       -0.003910   N-45   -1.110720  1.255240  Li-31    0.809701  1.840501  Li-30    0.819373  2.035979  Li-28    0.816649  2.036790     0   Nucleophile