   ASE Index Element    X (Ang)    Y (Ang)    Z (Ang)   X (Bohr)   Y (Bohr)   Z (Bohr)    CHARGE  Min Distance  Atomic Volume  AN  Charge Gain  Charge Density    1NN  1NN charge  1NN dist    2NN  2NN charge  2NN dist    3NN  3NN charge  3NN dist    4NN  4NN charge  4NN dist  Tags         Class
0          0      Li   1.617037   1.617037  10.000000   3.055757   3.055757  18.897261  3.228521      1.879635     555.081832   3    -0.228521       -0.000412   Li-9   -1.036880  2.800790  Li-10    0.735141  2.800790  Li-10    0.735141  2.800790  Li-13    0.734729  2.800790     4   Nucleophile
1          1      Li   4.851111   1.617037  10.000000   9.167271   3.055757  18.897261  4.014149      1.887705     906.705325   3    -1.014149       -0.001118  Li-10    0.735141  2.800790  Li-11   -1.058105  2.800790  Li-13    0.734729  2.800790  Li-14   -0.914706  2.800790     4   Nucleophile
2          2      Li   8.085185   1.617037  10.000000  15.278785   3.055757  18.897261  2.263525      1.902769     218.375831   3     0.736475        0.003373  Li-11   -1.058105  2.800790  Li-14   -0.914706  2.800790   Li-5   -1.015826  3.234074   Li-1   -1.014149  3.234074     4  Electrophile
3          3      Li   1.617037   4.851111  10.000000   3.055757   9.167271  18.897261  2.252831      1.886700     157.731689   3     0.747169        0.004737  Li-12   -1.052532  2.800790  Li-13    0.734729  2.800790  Li-16    0.718356  2.800790  Li-15    0.734783  2.800790     4  Electrophile
4          4      Li   4.851111   4.851111  10.000000   9.167271   9.167271  18.897261  3.980328      1.887719     860.168323   3    -0.980328       -0.001140  Li-14   -0.914706  2.800790  Li-16    0.718356  2.800790  Li-16    0.718356  2.800790  Li-13    0.734729  2.800790     4   Nucleophile
5          5      Li   8.085185   4.851111  10.000000  15.278785   9.167271  18.897261  4.015826      1.879649     909.485115   3    -1.015826       -0.001117  Li-14   -0.914706  2.800790  Li-17    0.734849  2.800790   Li-8   -0.198931  3.234074   Li-4   -0.980328  3.234074     4   Nucleophile
6          6      Li   1.617037   8.085185  10.000000   3.055757  15.278785  18.897261  3.842589      1.887703     847.729321   3    -0.842589       -0.000994  Li-15    0.734783  2.800790  Li-16    0.718356  2.800790   Li-3    0.747169  3.234074   Li-7    0.747284  3.234074     4   Nucleophile
7          7      Li   4.851111   8.085185  10.000000   9.167271  15.278785  18.897261  2.252716      1.886679     157.841932   3     0.747284        0.004734  Li-16    0.718356  2.800790  Li-17    0.734849  2.800790   Li-4   -0.980328  3.234074   Li-8   -0.198931  3.234074     4  Electrophile
8          8      Li   8.085185   8.085185  10.000000  15.278785  15.278785  18.897261  3.198931      1.879656     555.332185   3    -0.198931       -0.000358  Li-17    0.734849  2.800790   Li-5   -1.015826  3.234074   Li-5   -1.015826  3.234074  Li-26    0.758569  3.558576     4   Nucleophile
9          9      Li   0.000000   0.000000  11.617037   0.000000   0.000000  21.953018  4.036880      1.890357     694.627395   3    -1.036880       -0.001493   Li-0   -0.228521  2.800790  Li-18    0.758353  2.929442  Li-12   -1.052532  3.234074  Li-10    0.735141  3.234074     3   Nucleophile
10        10      Li   3.234074   0.000000  11.617037   6.111514   0.000000  21.953018  2.264859      1.865498      46.948546   3     0.735141        0.015658   Li-1   -1.014149  2.800790   Li-0   -0.228521  2.800790  Li-18    0.758353  2.954382  Li-19    0.755234  2.977892     3  Electrophile
11        11      Li   6.468148   0.000000  11.617037  12.223028   0.000000  21.953018  4.058105      1.888510     744.139637   3    -1.058105       -0.001422   Li-1   -1.014149  2.800790   Li-2    0.736475  2.800790  Li-19    0.755234  2.965203  Li-20    0.771851  3.003788     3   Nucleophile
12        12      Li   0.000000   3.234074  11.617037   0.000000   6.111514  21.953018  4.052532      1.888495     751.467497   3    -1.052532       -0.001401   Li-3    0.747169  2.800790   Li-0   -0.228521  2.800790  Li-21   -0.314083  2.889263  Li-18    0.758353  3.026804     3   Nucleophile
13        13      Li   3.234074   3.234074  11.617037   6.111514   6.111514  21.953018  2.265271      1.866327      47.537094   3     0.734729        0.015456   Li-1   -1.014149  2.800790   Li-3    0.747169  2.800790   Li-3    0.747169  2.800790   Li-4   -0.980328  2.800790     3  Electrophile
14        14      Li   6.468148   3.234074  11.617037  12.223028   6.111514  21.953018  3.914706      1.888490     657.112743   3    -0.914706       -0.001392   Li-1   -1.014149  2.800790   Li-4   -0.980328  2.800790   Li-5   -1.015826  2.800790   Li-2    0.736475  2.800790     3   Nucleophile
15        15      Li   0.000000   6.468148  11.617037   0.000000  12.223028  21.953018  2.265217      1.865491      47.454961   3     0.734783        0.015484   Li-3    0.747169  2.800790   Li-6   -0.842589  2.800790  Li-21   -0.314083  2.965118  Li-24    0.712266  2.995866     3  Electrophile
16        16      Li   3.234074   6.468148  11.617037   6.111514  12.223028  21.953018  2.281644      1.865176      68.318102   3     0.718356        0.010515   Li-3    0.747169  2.800790   Li-4   -0.980328  2.800790   Li-6   -0.842589  2.800790   Li-7    0.747284  2.800790     3  Electrophile
17        17      Li   6.468148   6.468148  11.617037  12.223028  12.223028  21.953018  2.265151      1.865502      47.047809   3     0.734849        0.015619   Li-4   -0.980328  2.800790   Li-5   -1.015826  2.800790   Li-7    0.747284  2.800790   Li-8   -0.198931  2.800790     3  Electrophile
18        18      Li   1.594351   1.527380  13.542339   3.012886   2.886330  25.591312  2.241647      1.938250      42.178674   3     0.758353        0.017980   Li-9   -1.036880  2.929442  Li-10    0.735141  2.954382  Li-31    0.725298  2.978910  Li-12   -1.052532  3.026804     2  Electrophile
19        19      Li   4.862770   1.662460  13.474836   9.189303   3.141594  25.463750  2.244766      1.929922      41.294973   3     0.755234        0.018289  Li-14   -0.914706  2.915241  Li-13    0.734729  2.928146  Li-28   -0.367735  2.948893  Li-11   -1.058105  2.965203     2  Electrophile
20        20      Li   8.112537   1.617604  13.541116  15.330473   3.056829  25.589002  2.228149      1.381005      36.066561   3     0.771851        0.021401  Li-29   -0.311597  2.746704  Li-14   -0.914706  3.003177  Li-11   -1.058105  3.003788  Li-32   -0.365164  3.111342     2  Electrophile
21        21      Li   1.563052   4.782454  13.489797   2.953740   9.037529  25.492022  3.314083      1.939684     313.437720   3    -0.314083       -0.001002  Li-33   -0.351574  2.878697  Li-12   -1.052532  2.889263  Li-31    0.725298  2.900794  Li-13    0.734729  2.949072     2   Nucleophile
22        22      Li   4.811287   4.897462  13.458949   9.092015   9.254861  25.433727  2.243418      1.930088      39.787588   3     0.756582        0.019016  Li-16    0.718356  2.889169  Li-32   -0.365164  2.914322  Li-17    0.734849  2.933408  Li-13    0.734729  2.940595     2  Electrophile
23        23      Li   8.059804   4.867628  13.482322  15.230822   9.198484  25.477897  2.243532      1.940237      41.233483   3     0.756468        0.018346  Li-17    0.734849  2.928194  Li-14   -0.914706  2.946380  Li-32   -0.365164  2.959079  Li-35    0.724947  3.092432     2  Electrophile
24        24      Li   1.655512   8.069321  13.532953   3.128464  15.248807  25.573575  2.287734      1.937481      48.422551   3     0.712266        0.014709  Li-16    0.718356  2.954039  Li-34   -2.471929  2.967257  Li-15    0.734783  2.995866  Li-33   -0.351574  3.062794     2  Electrophile
25        25      Li   4.927216   8.153730  13.480943   9.311089  15.408317  25.475291  2.244295      1.936291      40.563242   3     0.755705        0.018630  Li-35    0.724947  2.881854  Li-17    0.734849  2.947848  Li-16    0.718356  3.030192  Li-34   -2.471929  3.089664     2  Electrophile
26        26      Li   8.178825   8.134641  13.557000  15.455740  15.372243  25.619017  2.241431      1.937657      42.467238   3     0.758569        0.017862  Li-35    0.724947  2.978068  Li-17    0.734849  3.076861  Li-25    0.755705  3.252555  Li-23    0.756468  3.270033     2  Electrophile
27        27      Li   0.171714  -0.097706  15.902753   0.324492  -0.184637  30.051849  2.168777      1.236648      36.541791   3     0.831223        0.022747   N-45   -1.135958  1.884941   O-36   -1.193406  2.032332   H-44    0.588619  2.316956   N-46   -1.237422  3.142756     1  Electrophile
28        28      Li   3.479814  -0.051165  15.436185   6.575895  -0.096687  29.170162  3.367735      1.962782     353.042595   3    -0.367735       -0.001042  Li-19    0.755234  2.948893  Li-18    0.758353  3.103777  Li-29   -0.311597  3.247395  Li-27    0.831223  3.341164     1   Nucleophile
29        29      Li   6.707146   0.303338  15.501209  12.674669   0.573225  29.293039  3.311597      1.328326     469.467892   3    -0.311597       -0.000664  Li-20    0.771851  2.746704  Li-19    0.755234  3.058615  Li-32   -0.365164  3.107910  Li-28   -0.367735  3.247395     1   Nucleophile
30        30      Li  -0.235327   3.023174  15.500371  -0.444703   5.712971  29.291457  2.221093      1.329408      58.054092   3     0.778907        0.013417   N-46   -1.237422  2.029499   N-45   -1.135958  2.042332  Li-18    0.758353  3.069040  Li-27    0.831223  3.172930     1  Electrophile
31        31      Li   3.119243   3.270941  15.415467   5.894515   6.181182  29.131010  2.274702      1.966426     113.712706   3     0.725298        0.006378  Li-21   -0.314083  2.900794  Li-18    0.758353  2.978910  Li-22    0.756582  3.055576  Li-19    0.755234  3.064824     1  Electrophile
32        32      Li   6.367442   3.391252  15.409074  12.032721   6.408537  29.118930  3.365164      1.212085     609.286207   3    -0.365164       -0.000599  Li-22    0.756582  2.914322  Li-23    0.756468  2.959079  Li-19    0.755234  2.999006  Li-29   -0.311597  3.107910     1   Nucleophile
33        33      Li   0.066191   6.277556  15.441969   0.125083  11.862862  29.181093  3.351574      1.966903     367.775616   3    -0.351574       -0.000956  Li-21   -0.314083  2.878697  Li-24    0.712266  3.062794  Li-34   -2.471929  3.190087  Li-30    0.778907  3.268842     1   Nucleophile
34        34      Li   3.251655   6.449199  15.438772   6.144738  12.187219  29.175051  5.471929      3.395304    1150.458107   3    -2.471929       -0.002149  Li-22    0.756582  2.959736  Li-24    0.712266  2.967257  Li-21   -0.314083  3.070492  Li-25    0.755705  3.089664     1   Nucleophile
35        35      Li   6.412921   6.626089  15.421066  12.118664  12.521494  29.141592  2.275053      1.965921     154.146818   3     0.724947        0.004703  Li-25    0.755705  2.881854  Li-26    0.758569  2.978068  Li-22    0.756582  3.066478  Li-23    0.756468  3.092432     1  Electrophile
36        36       O   0.015356   0.123744  17.916925   0.029018   0.233842  33.858081  9.193406      1.337065     172.778749   8    -1.193406       -0.006907   H-44    0.588619  0.967588   C-37    0.358988  1.441289   H-40    0.083654  2.026628  Li-27    0.831223  2.032332     0   Nucleophile
37        37       C   0.305898  -0.148313  19.302163   0.578063  -0.280270  36.475801  5.641012      0.886774     105.308331   6     0.358988        0.003409   H-40    0.083654  1.090902   H-39    0.060671  1.096622   O-36   -1.193406  1.441289   C-38   -0.182128  1.521090     0  Electrophile
38        38       C   0.399376   1.134463  20.114236   0.754711   2.143824  38.010397  6.182128      1.224034     287.080002   6    -0.182128       -0.000634   H-42    0.073449  1.091928   H-41    0.079770  1.092661   H-43    0.054500  1.094241   C-37    0.358988  1.521090     0   Nucleophile
39        39       H  -0.464474  -0.812409  19.712142  -0.877728  -1.535231  37.250550  0.939329      0.598524     557.337639   1     0.060671        0.000109   C-37    0.358988  1.096622   H-40    0.083654  1.771785   O-36   -1.193406  2.080727   C-38   -0.182128  2.167539     0  Electrophile
40        40       H   1.254291  -0.687399  19.300509   2.370266  -1.298995  36.472676  0.916346      0.592854     322.843066   1     0.083654        0.000259   C-37    0.358988  1.090902   H-39    0.060671  1.771785   O-36   -1.193406  2.026628   C-38   -0.182128  2.170763     0  Electrophile
41        41       H   0.607081   0.909588  21.163139   1.147216   1.718871  39.992537  0.920230      0.613436     803.228080   1     0.079770        0.000099   C-38   -0.182128  1.092661   H-43    0.054500  1.766767   H-42    0.073449  1.777177   C-37    0.358988  2.161735     0  Electrophile
42        42       H   1.188996   1.782715  19.728782   2.246878   3.368843  37.281995  0.926551      0.582579     305.855556   1     0.073449        0.000240   C-38   -0.182128  1.091928   H-43    0.054500  1.771145   H-41    0.079770  1.777177   C-37    0.358988  2.165811     0  Electrophile
43        43       H  -0.545932   1.683918  20.071150  -1.031663   3.182143  37.928976  0.945500      0.615826     464.960670   1     0.054500        0.000117   C-38   -0.182128  1.094241   H-41    0.079770  1.766767   H-42    0.073449  1.771145   C-37    0.358988  2.161949     0  Electrophile
44        44       H  -0.782047   0.669786  17.869879  -1.477855   1.265712  33.769177  0.411381      0.266607      45.088471   1     0.588619        0.013055   O-36   -1.193406  0.967588   C-37    0.358988  1.975942  Li-27    0.831223  2.316956   N-45   -1.135958  2.374395     0  Electrophile
45        45       N  -1.156110   1.202218  15.586385  -2.184731   2.271862  29.453998  8.135958      1.116562     178.745481   7    -1.135958       -0.006355   N-46   -1.237422  1.264090  Li-27    0.831223  1.884941  Li-30    0.778907  2.042332   H-44    0.588619  2.374395     0   Nucleophile
46        46       N  -2.043089   2.101388  15.534584  -3.860879   3.971048  29.356110  8.237422      1.108895     312.163998   7    -1.237422       -0.003964   N-45   -1.135958  1.264090  Li-30    0.778907  2.029499   H-44    0.588619  3.015512  Li-27    0.831223  3.142756     0   Nucleophile