   ASE Index Element    X (Ang)    Y (Ang)    Z (Ang)   X (Bohr)   Y (Bohr)   Z (Bohr)    CHARGE  Min Distance  Atomic Volume  AN  Charge Gain  Charge Density    1NN  1NN charge  1NN dist    2NN  2NN charge  2NN dist    3NN  3NN charge  3NN dist    4NN  4NN charge  4NN dist  Tags         Class
0          0      Li   1.617037   1.617037  10.000000   3.055757   3.055757  18.897261  4.009856      1.879640     937.548743   3    -1.009856       -0.001077   Li-9    0.723054  2.800790  Li-10   -0.186897  2.800790  Li-13    0.734827  2.800790  Li-10   -0.186897  2.800790     4   Nucleophile
1          1      Li   4.851111   1.617037  10.000000   9.167271   3.055757  18.897261  4.001637      1.884282     841.904455   3    -1.001637       -0.001190  Li-10   -0.186897  2.800790  Li-11   -0.102460  2.800790  Li-14   -1.290870  2.800790  Li-11   -0.102460  2.800790     4   Nucleophile
2          2      Li   8.085185   1.617037  10.000000  15.278785   3.055757  18.897261  2.263517      1.902769     222.113988   3     0.736483        0.003316  Li-11   -0.102460  2.800790  Li-14   -1.290870  2.800790   Li-5   -0.987058  3.234074   Li-1   -1.001637  3.234074     4  Electrophile
3          3      Li   1.617037   4.851111  10.000000   3.055757   9.167271  18.897261  3.117397      1.887703     525.185361   3    -0.117397       -0.000224  Li-12   -0.117050  2.800790  Li-13    0.734827  2.800790  Li-12   -0.117050  2.800790  Li-13    0.734827  2.800790     4   Nucleophile
4          4      Li   4.851111   4.851111  10.000000   9.167271   9.167271  18.897261  2.253625      1.886689     164.126657   3     0.746375        0.004548  Li-14   -1.290870  2.800790  Li-16   -0.965491  2.800790  Li-16   -0.965491  2.800790  Li-13    0.734827  2.800790     4  Electrophile
5          5      Li   8.085185   4.851111  10.000000  15.278785   9.167271  18.897261  3.987058      1.884296     841.378715   3    -0.987058       -0.001173  Li-14   -1.290870  2.800790  Li-17    0.734562  2.800790   Li-8   -1.030892  3.234074   Li-4    0.746375  3.234074     4   Nucleophile
6          6      Li   1.617037   8.085185  10.000000   3.055757  15.278785  18.897261  3.154179      1.887723     505.440021   3    -0.154179       -0.000305  Li-15    0.734871  2.800790  Li-16   -0.965491  2.800790   Li-7   -0.153308  3.234074   Li-3   -0.117397  3.234074     4   Nucleophile
7          7      Li   4.851111   8.085185  10.000000   9.167271  15.278785  18.897261  3.153308      1.890756     517.164421   3    -0.153308       -0.000296  Li-16   -0.965491  2.800790  Li-17    0.734562  2.800790   Li-4    0.746375  3.234074   Li-8   -1.030892  3.234074     4   Nucleophile
8          8      Li   8.085185   8.085185  10.000000  15.278785  15.278785  18.897261  4.030892      1.887702     945.977714   3    -1.030892       -0.001090  Li-17    0.734562  2.800790   Li-5   -0.987058  3.234074   Li-7   -0.153308  3.234074  Li-26    0.759612  3.499680     4   Nucleophile
9          9      Li   0.000000   0.000000  11.617037   0.000000   0.000000  21.953018  2.276946      1.872985      51.787814   3     0.723054        0.013962   Li-0   -1.009856  2.800790  Li-18   -0.271345  2.991726  Li-10   -0.186897  3.234074  Li-12   -0.117050  3.234074     3  Electrophile
10        10      Li   3.234074   0.000000  11.617037   6.111514   0.000000  21.953018  3.186897      1.862586     395.790930   3    -0.186897       -0.000472   Li-1   -1.001637  2.800790   Li-0   -1.009856  2.800790  Li-18   -0.271345  2.938897  Li-19    0.751135  3.036590     3   Nucleophile
11        11      Li   6.468148   0.000000  11.617037  12.223028   0.000000  21.953018  3.102460      1.886539     365.210162   3    -0.102460       -0.000281   Li-1   -1.001637  2.800790   Li-2    0.736483  2.800790  Li-19    0.751135  2.926898  Li-20    0.775501  2.994005     3   Nucleophile
12        12      Li   0.000000   3.234074  11.617037   0.000000   6.111514  21.953018  3.117050      1.886555     362.030247   3    -0.117050       -0.000323   Li-3   -0.117397  2.800790   Li-0   -1.009856  2.800790  Li-18   -0.271345  2.959590  Li-21   -0.400090  3.004513     3   Nucleophile
13        13      Li   3.234074   3.234074  11.617037   6.111514   6.111514  21.953018  2.265173      1.865488      47.119401   3     0.734827        0.015595   Li-1   -1.001637  2.800790   Li-3   -0.117397  2.800790   Li-0   -1.009856  2.800790   Li-4    0.746375  2.800790     3  Electrophile
14        14      Li   6.468148   3.234074  11.617037  12.223028   6.111514  21.953018  4.290870      1.890347     758.524800   3    -1.290870       -0.001702   Li-1   -1.001637  2.800790   Li-4    0.746375  2.800790   Li-5   -0.987058  2.800790   Li-2    0.736483  2.800790     3   Nucleophile
15        15      Li   0.000000   6.468148  11.617037   0.000000  12.223028  21.953018  2.265129      1.866330      47.718490   3     0.734871        0.015400   Li-3   -0.117397  2.800790   Li-6   -0.154179  2.800790  Li-24    0.752937  2.956038  Li-21   -0.400090  2.990620     3  Electrophile
16        16      Li   3.234074   6.468148  11.617037   6.111514  12.223028  21.953018  3.965491      1.872565     734.642936   3    -0.965491       -0.001314   Li-3   -0.117397  2.800790   Li-4    0.746375  2.800790   Li-6   -0.154179  2.800790   Li-7   -0.153308  2.800790     3   Nucleophile
17        17      Li   6.468148   6.468148  11.617037  12.223028  12.223028  21.953018  2.265438      1.859573      47.032436   3     0.734562        0.015618   Li-4    0.746375  2.800790   Li-5   -0.987058  2.800790   Li-5   -0.987058  2.800790   Li-8   -1.030892  2.800790     3  Electrophile
18        18      Li   1.665476   1.646605  13.478570   3.147294   3.111633  25.470807  3.271345      1.950084     300.863441   3    -0.271345       -0.000902  Li-30    0.760112  2.900180  Li-13    0.734827  2.906177  Li-10   -0.186897  2.938897  Li-12   -0.117050  2.959590     2   Nucleophile
19        19      Li   4.952245   1.583733  13.556254   9.358386   2.992821  25.617607  2.248865      1.938983      44.088379   3     0.751135        0.017037  Li-11   -0.102460  2.926898  Li-14   -1.290870  2.963470  Li-31    0.700911  2.980408  Li-10   -0.186897  3.036590     2  Electrophile
20        20      Li   8.087999   1.598335  13.562666  15.284104   3.020416  25.629725  2.224499      1.367152      35.851345   3     0.775501        0.021631   N-46   -1.180332  2.082074   N-45   -1.202960  2.086066  Li-11   -0.102460  2.994005  Li-32    0.834192  3.011620     2  Electrophile
21        21      Li   1.683062   4.863988  13.497936   3.180526   9.191605  25.507402  3.400090      1.936270     383.844288   3    -0.400090       -0.001042  Li-16   -0.965491  2.918347  Li-13    0.734827  2.932582  Li-30    0.760112  2.970669  Li-33   -0.204861  2.979191     2   Nucleophile
22        22      Li   4.928552   4.799202  13.483123   9.313613   9.069177  25.479410  2.302963      1.935812      51.038514   3     0.697037        0.013657  Li-35    0.716457  2.864768  Li-14   -1.290870  2.881364  Li-31    0.700911  2.892207  Li-17    0.734562  2.939050     2  Electrophile
23        23      Li   8.128551   4.751446  13.530912  15.360736   8.978931  25.569717  2.251597      1.938975      44.248254   3     0.748403        0.016914  Li-14   -1.290870  2.953349  Li-35    0.716457  2.993356  Li-17    0.734562  3.060543  Li-20    0.775501  3.153531     2  Electrophile
24        24      Li   1.607727   8.103887  13.481905   3.038163  15.314126  25.477108  2.247063      1.940643      41.656447   3     0.752937        0.018075  Li-15    0.734871  2.956038  Li-33   -0.204861  2.965377  Li-16   -0.965491  2.966206  Li-34   -2.294855  3.034918     2  Electrophile
25        25      Li   4.825819   7.992194  13.493215   9.119477  15.103058  25.498481  3.322113      1.939909     366.067949   3    -0.322113       -0.000880  Li-16   -0.965491  2.894203  Li-17    0.734562  2.922328  Li-34   -2.294855  2.952125  Li-35    0.716457  3.096932     2   Nucleophile
26        26      Li   8.072457   8.025416  13.499146  15.254733  15.165839  25.509689  2.240388      1.942099      41.081954   3     0.759612        0.018490  Li-17    0.734562  2.922538  Li-35    0.716457  3.160132  Li-25   -0.322113  3.246813  Li-23    0.748403  3.274605     2  Electrophile
27        27      Li  -0.095575   0.053597  15.425829  -0.180611   0.101284  29.150591  3.306481      1.314636     392.449824   3    -0.306481       -0.000781  Li-18   -0.271345  3.070959  Li-30    0.760112  3.150899  Li-28    0.722803  3.284190   Li-9    0.723054  3.810368     1   Nucleophile
28        28      Li   3.187534  -0.030191  15.434694   6.023567  -0.057052  29.167345  2.277197      1.953056     158.990040   3     0.722803        0.004546  Li-18   -0.271345  2.992445  Li-19    0.751135  3.040969  Li-29    0.754241  3.265868  Li-27   -0.306481  3.284190     1  Electrophile
29        29      Li   6.443061  -0.289417  15.450339  12.175620  -0.546918  29.196910  2.245759      1.230799      67.129147   3     0.754241        0.011236   N-45   -1.202960  1.832077  Li-19    0.751135  3.052668   N-46   -1.180332  3.091858  Li-20    0.775501  3.135720     1  Electrophile
30        30      Li   0.233239   3.186901  15.475375   0.440758   6.022370  29.244220  2.239888      1.222416      79.583522   3     0.760112        0.009551  Li-18   -0.271345  2.900180  Li-21   -0.400090  2.970669  Li-27   -0.306481  3.150899  Li-31    0.700911  3.193338     1  Electrophile
31        31      Li   3.424301   3.304742  15.450019   6.470991   6.245058  29.196305  2.299089      1.965038     168.914098   3     0.700911        0.004150  Li-22    0.697037  2.892207  Li-19    0.751135  2.980408  Li-21   -0.400090  3.045290  Li-18   -0.271345  3.119214     1  Electrophile
32        32      Li   6.913998   2.758107  16.081893  13.065562   5.212067  30.390373  2.165808      1.327818      37.220378   3     0.834192        0.022412   O-36   -1.175947  2.000373   N-46   -1.180332  2.059747   N-45   -1.202960  2.084867   H-44    0.576326  2.578096     1  Electrophile
33        33      Li   0.057705   6.469195  15.410291   0.109046  12.225006  29.121230  3.204861      1.949962     376.766342   3    -0.204861       -0.000544  Li-24    0.752937  2.965377  Li-21   -0.400090  2.979191  Li-34   -2.294855  3.175744  Li-30    0.760112  3.287628     1   Nucleophile
34        34      Li   3.232747   6.490421  15.473579   6.109006  12.265118  29.240827  5.294855      3.387964    1336.606114   3    -2.294855       -0.001717  Li-25   -0.322113  2.952125  Li-21   -0.400090  2.991651  Li-24    0.752937  3.034918  Li-22    0.697037  3.114144     1   Nucleophile
35        35      Li   6.402890   6.221734  15.485528  12.099709  11.757374  29.263407  2.283543      1.964272     138.780011   3     0.716457        0.005163  Li-22    0.697037  2.864768  Li-23    0.748403  2.993356  Li-25   -0.322113  3.096932  Li-26    0.759612  3.160132     1  Electrophile
36        36       O   6.901716   2.759913  18.082228  13.042353   5.215481  34.170458  9.175947      1.324741     225.231095   8    -1.175947       -0.005221   H-44    0.576326  0.966521   C-37    0.333653  1.452984  Li-32    0.834192  2.000373   H-40    0.099565  2.024562     0   Nucleophile
37        37       C   7.442073   1.627911  18.815540  14.063481   3.076305  35.556218  5.666347      0.872347      73.567158   6     0.333653        0.004535   H-40    0.099565  1.088871   H-39    0.056457  1.096091   O-36   -1.175947  1.452984   C-38   -0.172320  1.517878     0  Electrophile
38        38       C   7.721131   1.956131  20.270996  14.590823   3.696552  38.306632  6.172320      1.211955     268.513515   6    -0.172320       -0.000642   H-42    0.073190  1.091459   H-41    0.070412  1.093138   H-43    0.055557  1.093321   C-37    0.333653  1.517878     0   Nucleophile
39        39       H   6.756007   0.777881  18.725103  12.767004   1.469982  35.385317  0.943543      0.614379     207.601453   1     0.056457        0.000272   C-37    0.333653  1.096091   H-40    0.099565  1.768749   O-36   -1.175947  2.088773   C-38   -0.172320  2.170144     0  Electrophile
40        40       H   8.363831   1.375588  18.293683  15.805350   2.599485  34.570050  0.900435      0.574250      96.621102   1     0.099565        0.001030   C-37    0.333653  1.088871   H-39    0.056457  1.768749   O-36   -1.175947  2.024562   C-38   -0.172320  2.158672     0  Electrophile
41        41       H   8.146456   1.079982  20.767394  15.394571   2.040870  39.244686  0.929588      0.608706     710.934561   1     0.070412        0.000099   C-38   -0.172320  1.093138   H-43    0.055557  1.762317   H-42    0.073190  1.771012   C-37    0.333653  2.146186     0  Electrophile
42        42       H   8.434800   2.777758  20.353999  15.939461   5.249202  38.463483  0.926810      0.613709     551.091566   1     0.073190        0.000133   C-38   -0.172320  1.091459   H-41    0.070412  1.771012   H-43    0.055557  1.779224   C-37    0.333653  2.162061     0  Electrophile
43        43       H   6.805753   2.223131  20.805922  12.861009   4.201109  39.317494  0.944443      0.591279     695.217699   1     0.055557        0.000080   C-38   -0.172320  1.093321   H-41    0.070412  1.762317   H-42    0.073190  1.779224   C-37    0.333653  2.172742     0  Electrophile
44        44       H   6.077583   3.036661  18.504576  11.484967   5.738457  34.968581  0.423674      0.284582     168.373864   1     0.576326        0.003423   O-36   -1.175947  0.966521   C-37    0.333653  1.985727   H-39    0.056457  2.368750   H-43    0.055557  2.547205     0  Electrophile
45        45       N   7.789812   0.950536  15.523051  14.720611   1.796252  29.334315  8.202960      1.123416     198.855808   7    -1.202960       -0.006049   N-46   -1.180332  1.260677  Li-29    0.754241  1.832077  Li-32    0.834192  2.084867  Li-20    0.775501  2.086066     0   Nucleophile
46        46       N   8.679410   1.843558  15.543861  16.401707   3.483820  29.373640  8.180332      1.098020     214.548074   7    -1.180332       -0.005501   N-45   -1.202960  1.260677  Li-32    0.834192  2.059747  Li-20    0.775501  2.082074   H-40    0.099565  2.807152     0   Nucleophile