   ASE Index Element    X (Ang)    Y (Ang)    Z (Ang)   X (Bohr)   Y (Bohr)   Z (Bohr)    CHARGE  Min Distance  Atomic Volume  AN  Charge Gain  Charge Density    1NN  1NN charge  1NN dist    2NN  2NN charge  2NN dist    3NN  3NN charge  3NN dist    4NN  4NN charge  4NN dist  Tags         Class
0          0      Li   1.617037   1.617037  10.000000   3.055757   3.055757  18.897261  5.661331      2.410848    1437.121721   3    -2.661331       -0.001852   Li-9   -0.237928  2.800790  Li-10    0.774817  2.800790  Li-13    0.774709  2.800790  Li-12    0.773618  2.800790     4   Nucleophile
1          1      Li   4.851111   1.617037  10.000000   9.167271   3.055757  18.897261  5.334292      3.215578    1439.788188   3    -2.334292       -0.001621  Li-10    0.774817  2.800790  Li-11    0.776632  2.800790  Li-13    0.774709  2.800790  Li-14    0.776911  2.800790     4   Nucleophile
2          2      Li   8.085185   1.617037  10.000000  15.278785   3.055757  18.897261  2.234319      1.847146     166.065170   3     0.765681        0.004611  Li-11    0.776632  2.800790  Li-14    0.776911  2.800790   Li-5   -2.038510  3.234074   Li-1   -2.334292  3.234074     4  Electrophile
3          3      Li   1.617037   4.851111  10.000000   3.055757   9.167271  18.897261  2.229322      1.846162     154.760930   3     0.770678        0.004980  Li-12    0.773618  2.800790  Li-13    0.774709  2.800790  Li-16    0.775378  2.800790  Li-15   -1.384494  2.800790     4  Electrophile
4          4      Li   4.851111   4.851111  10.000000   9.167271   9.167271  18.897261  3.286575      1.850305     538.103461   3    -0.286575       -0.000533  Li-14    0.776911  2.800790  Li-16    0.775378  2.800790  Li-16    0.775378  2.800790  Li-13    0.774709  2.800790     4   Nucleophile
5          5      Li   8.085185   4.851111  10.000000  15.278785   9.167271  18.897261  5.038510      1.866648    1259.652634   3    -2.038510       -0.001618  Li-14    0.776911  2.800790  Li-17    0.063115  2.800790   Li-2    0.765681  3.234074   Li-4   -0.286575  3.234074     4   Nucleophile
6          6      Li   1.617037   8.085185  10.000000   3.055757  15.278785  18.897261  2.229209      1.846145     153.584300   3     0.770791        0.005019  Li-15   -1.384494  2.800790  Li-16    0.775378  2.800790   Li-7   -1.032551  3.234074   Li-3    0.770678  3.234074     4  Electrophile
7          7      Li   4.851111   8.085185  10.000000   9.167271  15.278785  18.897261  4.032551      1.855290     894.197888   3    -1.032551       -0.001155  Li-16    0.775378  2.800790  Li-17    0.063115  2.800790   Li-4   -0.286575  3.234074   Li-8   -1.059529  3.234074     4   Nucleophile
8          8      Li   8.085185   8.085185  10.000000  15.278785  15.278785  18.897261  4.059529      1.845752     910.520968   3    -1.059529       -0.001164  Li-17    0.063115  2.800790   Li-5   -2.038510  3.234074   Li-7   -1.032551  3.234074  Li-26    0.785621  3.548600     4   Nucleophile
9          9      Li   0.000000   0.000000  11.617037   0.000000   0.000000  21.953018  3.237928      1.834412     393.566275   3    -0.237928       -0.000605   Li-0   -2.661331  2.800790  Li-18    0.805280  2.870945  Li-12    0.773618  3.234074  Li-10    0.774817  3.234074     3   Nucleophile
10        10      Li   3.234074   0.000000  11.617037   6.111514   0.000000  21.953018  2.225183      1.833280      37.548490   3     0.774817        0.020635   Li-1   -2.334292  2.800790   Li-0   -2.661331  2.800790  Li-18    0.805280  2.894358  Li-19    0.539383  2.934825     3  Electrophile
11        11      Li   6.468148   0.000000  11.617037  12.223028   0.000000  21.953018  2.223368      1.825474      38.370713   3     0.776632        0.020240   Li-1   -2.334292  2.800790   Li-2    0.765681  2.800790  Li-19    0.539383  2.953264  Li-10    0.774817  3.234074     3  Electrophile
12        12      Li   0.000000   3.234074  11.617037   0.000000   6.111514  21.953018  2.226382      1.833000      38.152310   3     0.773618        0.020277   Li-3    0.770678  2.800790   Li-0   -2.661331  2.800790  Li-18    0.805280  2.855226  Li-21    0.780931  3.015580     3  Electrophile
13        13      Li   3.234074   3.234074  11.617037   6.111514   6.111514  21.953018  2.225291      1.832996      37.440839   3     0.774709        0.020692   Li-1   -2.334292  2.800790   Li-3    0.770678  2.800790   Li-0   -2.661331  2.800790   Li-4   -0.286575  2.800790     3  Electrophile
14        14      Li   6.468148   3.234074  11.617037  12.223028   6.111514  21.953018  2.223089      1.825470      38.232494   3     0.776911        0.020321   Li-1   -2.334292  2.800790   Li-4   -0.286575  2.800790   Li-5   -2.038510  2.800790   Li-2    0.765681  2.800790     3  Electrophile
15        15      Li   0.000000   6.468148  11.617037   0.000000  12.223028  21.953018  4.384494      1.843100     758.047733   3    -1.384494       -0.001826   Li-3    0.770678  2.800790   Li-6    0.770791  2.800790  Li-21    0.780931  2.910096  Li-24    0.779656  2.910630     3   Nucleophile
16        16      Li   3.234074   6.468148  11.617037   6.111514  12.223028  21.953018  2.224622      1.839804      36.400655   3     0.775378        0.021301   Li-3    0.770678  2.800790   Li-4   -0.286575  2.800790   Li-6    0.770791  2.800790   Li-7   -1.032551  2.800790     3  Electrophile
17        17      Li   6.468148   6.468148  11.617037  12.223028  12.223028  21.953018  2.936885      1.834410     346.940104   3     0.063115        0.000182   Li-4   -0.286575  2.800790   Li-5   -2.038510  2.800790   Li-7   -1.032551  2.800790   Li-8   -1.059529  2.800790     3  Electrophile
18        18      Li   1.617038   1.617038  13.469728   3.016320   3.082055  25.244921  2.194720      1.309603      30.564465   3     0.805280        0.026347   N-46   -1.315297  1.980328   N-45   -1.405851  2.028212  Li-28    0.798838  2.802302  Li-31    0.801749  2.839722     2  Electrophile
19        19      Li   4.851111   1.617038  13.469729   9.135553   3.062123  25.451144  2.460617      1.888817      77.600861   3     0.539383        0.006951  Li-13    0.774709  2.931111  Li-10    0.774817  2.934825  Li-32   -0.325987  2.942766  Li-29    0.104375  2.943988     2  Electrophile
20        20      Li   8.085184   1.617038  13.469728  15.763147   3.096431  26.092106  2.188755      1.231418      33.400604   3     0.811245        0.024288  Li-32   -0.325987  3.120203  Li-29    0.104375  3.145023  Li-23    0.786184  3.216337  Li-14    0.776911  3.294323     2  Electrophile
21        21      Li   1.617038   4.851111  13.469729   3.069627   9.349891  25.497674  2.219069      1.877951      37.660571   3     0.780931        0.020736  Li-16    0.775378  2.901927  Li-15   -1.384494  2.910096  Li-13    0.774709  3.007698  Li-12    0.773618  3.015580     2  Electrophile
22        22      Li   4.851111   4.851111  13.469730   8.934875   9.185512  25.626009  2.211617      1.896155      36.880433   3     0.788383        0.021377  Li-32   -0.325987  2.882853  Li-16    0.775378  2.931505  Li-13    0.774709  2.942134  Li-34    0.771345  3.026549     2  Electrophile
23        23      Li   8.085184   4.851111  13.469729  15.271403   9.134792  25.603828  2.213816      1.889793      37.672089   3     0.786184        0.020869  Li-35   -2.022613  2.970336  Li-14    0.776911  2.982288  Li-17    0.063115  3.000869  Li-32   -0.325987  3.048701     2  Electrophile
24        24      Li   1.617038   8.085184  13.469728   3.057934  15.121667  25.488575  2.220344      1.874225      37.808535   3     0.779656        0.020621  Li-16    0.775378  2.909350  Li-15   -1.384494  2.910630  Li-33   -1.772657  2.992082  Li-34    0.771345  3.022636     2  Electrophile
25        25      Li   4.851111   8.085184  13.469729   8.932770  15.269678  25.621526  2.211783      1.895792      36.932265   3     0.788217        0.021342  Li-16    0.775378  2.932019  Li-34    0.771345  3.016617  Li-35   -2.022613  3.053700  Li-17    0.063115  3.065842     2  Electrophile
26        26      Li   8.085184   8.085184  13.469728  15.261229  15.363062  25.602590  2.214379      1.892306      37.823155   3     0.785621        0.020771  Li-35   -2.022613  2.985482  Li-17    0.063115  3.012587  Li-23    0.786184  3.295863  Li-25    0.788217  3.349256     2  Electrophile
27        27      Li  -0.000000  -0.000000  15.445939   0.224638  -0.075290  29.617544  2.187572      1.266897      56.693975   3     0.812428        0.014330   N-46   -1.315297  1.928060   N-45   -1.405851  2.136485  Li-28    0.798838  2.780716  Li-18    0.805280  3.213729     1  Electrophile
28        28      Li   3.234074   0.000000  15.445939   5.428375   0.530731  29.209255  2.201162      1.327251      92.147922   3     0.798838        0.008669   N-45   -1.405851  2.047517  Li-31    0.801749  2.712136  Li-27    0.812428  2.780716  Li-18    0.805280  2.802302     1  Electrophile
29        29      Li   6.468148   0.000000  15.445939  11.806195  -0.085024  29.181263  2.895625      1.919747     277.527364   3     0.104375        0.000376  Li-19    0.539383  2.943988  Li-20    0.811245  3.145023  Li-32   -0.325987  3.332794  Li-28    0.798838  3.390723     1  Electrophile
30        30      Li   0.000000   3.234074  15.445939   0.277423   6.378318  29.573416  2.186133      1.270258      47.485607   3     0.813867        0.017139   N-46   -1.315297  1.929496   N-45   -1.405851  2.117717  Li-31    0.801749  2.778159   H-40   -0.014386  2.942282     1  Electrophile
31        31      Li   3.234076   3.234076  15.445938   5.468238   5.655464  29.265220  2.198251      1.315256      73.849911   3     0.801749        0.010856   N-45   -1.405851  2.023959  Li-28    0.798838  2.712136  Li-30    0.813867  2.778159  Li-18    0.805280  2.839722     1  Electrophile
32        32      Li   6.468146   3.234076  15.445938  11.814787   6.213026  29.168464  3.325987      1.919267     324.826021   3    -0.325987       -0.001004  Li-22    0.788383  2.882853  Li-19    0.539383  2.942766  Li-23    0.786184  3.048701  Li-20    0.811245  3.120203     1   Nucleophile
33        33      Li   0.000000   6.468148  15.445939  -0.019737  12.288651  29.292797  4.772657      1.954577    1180.734709   3    -1.772657       -0.001501  Li-24    0.779656  2.992082  Li-21    0.780931  3.020644  Li-30    0.813867  3.135083  Li-34    0.771345  3.182741     1   Nucleophile
34        34      Li   3.234076   6.468146  15.445938   5.992375  12.247017  29.457436  2.228655      1.912540     168.831313   3     0.771345        0.004569  Li-25    0.788217  3.016617  Li-21    0.780931  3.022130  Li-24    0.779656  3.022636  Li-22    0.788383  3.026549     1  Electrophile
35        35      Li   6.468146   6.468146  15.445938  12.269700  12.218887  29.207336  5.022613      3.311022    1036.674643   3    -2.022613       -0.001951  Li-23    0.786184  2.970336  Li-26    0.785621  2.985482  Li-22    0.788383  3.046716  Li-25    0.788217  3.053700     1   Nucleophile
36        36       O   0.000000   1.617037  18.445939  -0.211460   3.493031  36.025229  9.052462      1.307109     655.173696   8    -1.052462       -0.001606   H-44    0.512101  0.965511   C-37    0.495307  1.438087   H-40   -0.014386  2.020880   H-39   -0.004820  2.094391     0   Nucleophile
37        37       C  -1.182408   2.433794  18.450238  -2.547009   4.882453  36.022104  5.504693      0.875213      79.572248   6     0.495307        0.006225   H-40   -0.014386  1.095059   H-39   -0.004820  1.098875   O-36   -1.052462  1.438087   C-38    0.018351  1.524071     0  Electrophile
38        38       C  -2.466622   1.614176  18.435704  -4.849788   3.197501  35.630969  5.981649      1.188869     144.138036   6     0.018351        0.000127   H-42   -0.040447  1.094221   H-43   -0.009351  1.094612   H-41   -0.016563  1.095176   C-37    0.495307  1.524071     0  Electrophile
39        39       H  -1.173784   3.117330  19.310398  -2.738489   5.992057  37.766888  1.004820      0.646680    1032.890024   1    -0.004820       -0.000005   C-37    0.495307  1.098875   H-40   -0.014386  1.764462   O-36   -1.052462  2.094391   C-38    0.018351  2.170870     0   Nucleophile
40        40       H  -1.107019   3.043520  17.547442  -2.367738   6.229834  34.461756  1.014386      0.614155     107.249629   1    -0.014386       -0.000134   C-37    0.495307  1.095059   H-39   -0.004820  1.764462   O-36   -1.052462  2.020880   C-38    0.018351  2.163984     0   Nucleophile
41        41       H  -3.343549   2.268122  18.420269  -6.552032   4.340616  35.350216  1.016563      0.658334     298.112183   1    -0.016563       -0.000056   C-38    0.018351  1.095176   H-43   -0.009351  1.770351   H-42   -0.040447  1.774187   C-37    0.495307  2.168028     0   Nucleophile
42        42       H  -2.501333   0.965153  17.558886  -4.584955   2.008436  33.960133  1.040447      0.661717      91.915786   1    -0.040447       -0.000440   C-38    0.018351  1.094221   H-43   -0.009351  1.771250   H-41   -0.016563  1.774187   C-37    0.495307  2.160244     0   Nucleophile
43        43       H  -2.536810   0.985688  19.328265  -5.177421   1.957757  37.254068  1.009351      0.648670     958.942208   1    -0.009351       -0.000010   C-38    0.018351  1.094612   H-41   -0.016563  1.770351   H-42   -0.040447  1.771250   C-37    0.495307  2.181253     0   Nucleophile
44        44       H  -0.039167   1.034060  19.214164  -0.238146   2.358767  37.454117  0.487899      0.312724     611.644153   1     0.512101        0.000837   O-36   -1.052462  0.965511   C-37    0.495307  1.962278   H-39   -0.004820  2.339798   H-43   -0.009351  2.624488     0  Electrophile
45        45       N   0.000000   1.617000  16.945939   2.585519   3.150799  29.052778  8.405851      1.143523     280.590322   7    -1.405851       -0.005010   N-46   -1.315297  1.312548  Li-31    0.801749  2.023959  Li-18    0.805280  2.028212  Li-28    0.798838  2.047517     0   Nucleophile
46        46       N  -1.096622   1.617000  16.945939   0.386043   3.137327  27.906353  8.315297      1.138576     175.493271   7    -1.315297       -0.007495   N-45   -1.405851  1.312548  Li-27    0.812428  1.928060  Li-30    0.813867  1.929496  Li-18    0.805280  1.980328     0   Nucleophile