   Atom                     Volume(s)
  ------------------------------------------------------------------------
     1   ...      10   33
     2   ...      41   60   69
     3   ...      80
     4   ...      34   39
     5   ...      63
     6   ...      18   75   76   81
     7   ...      26   35
     8   ...      65   70
     9   ...      82
    10   ...       2   77
    11   ...      29   40   45
    12   ...      54   74
    13   ...      14
    14   ...      27   46
    15   ...      56   72
    16   ...      23
    17   ...      28   47
    18   ...      55   68   73
    19   ...      30
    20   ...      59
    21   ...      79
    22   ...      31
    23   ...      61
    24   ...      78
    25   ...      32
    26   ...      64
    27   ...      83
    28   ...       5
    29   ...       3   36   37   42   53
    30   ...       4   71
    31   ...       9   13   16   17   19
    32   ...      43   51
    33   ...      57   62   66
    34   ...      20   21   24   25
    35   ...      38   44   48
    36   ...      49   67
    37   ...       8
    38   ...      11
    39   ...      52
    40   ...      15
    41   ...      12
    42   ...      58
    43   ...      22
    44   ...      50
    45   ...       1
    46   ...       6
    47   ...       7
  ------------------------------------------------------------------------
