   ASE Index Element    X (Ang)    Y (Ang)    Z (Ang)   X (Bohr)   Y (Bohr)   Z (Bohr)    CHARGE  Min Distance  Atomic Volume  AN  Charge Gain  Charge Density    1NN  1NN charge  1NN dist    2NN  2NN charge  2NN dist    3NN  3NN charge  3NN dist    4NN  4NN charge  4NN dist  Tags         Class
0          0      Li   1.617037   1.617037  10.000000   3.055757   3.055757  18.897261  3.234009      1.847150     515.437833   3    -0.234009       -0.000454   Li-9   -0.191521  2.800790  Li-10   -1.013065  2.800790  Li-12    0.776675  2.800790  Li-10   -1.013065  2.800790     4   Nucleophile
1          1      Li   4.851111   1.617037  10.000000   9.167271   3.055757  18.897261  3.967179      1.853165     887.662187   3    -0.967179       -0.001090  Li-10   -1.013065  2.800790  Li-11   -0.193504  2.800790  Li-13   -0.140096  2.800790  Li-14   -0.181530  2.800790     4   Nucleophile
2          2      Li   8.085185   1.617037  10.000000  15.278785   3.055757  18.897261  2.228928      1.853175     151.187182   3     0.771072        0.005100  Li-11   -0.193504  2.800790  Li-14   -0.181530  2.800790   Li-5   -1.895311  3.234074   Li-1   -0.967179  3.234074     4  Electrophile
3          3      Li   1.617037   4.851111  10.000000   3.055757   9.167271  18.897261  3.125902      1.853165     530.869580   3    -0.125902       -0.000237  Li-12    0.776675  2.800790  Li-13   -0.140096  2.800790  Li-16   -0.151786  2.800790  Li-15    0.776782  2.800790     4   Nucleophile
4          4      Li   4.851111   4.851111  10.000000   9.167271   9.167271  18.897261  2.225277      1.853168     129.884690   3     0.774723        0.005965  Li-14   -0.181530  2.800790  Li-16   -0.151786  2.800790  Li-17   -1.153706  2.800790  Li-13   -0.140096  2.800790     4  Electrophile
5          5      Li   8.085185   4.851111  10.000000  15.278785   9.167271  18.897261  4.895311      1.847139    1247.687425   3    -1.895311       -0.001519  Li-14   -0.181530  2.800790  Li-17   -1.153706  2.800790   Li-2    0.771072  3.234074   Li-4    0.774723  3.234074     4   Nucleophile
6          6      Li   1.617037   8.085185  10.000000   3.055757  15.278785  18.897261  3.217867      1.847165     515.369166   3    -0.217867       -0.000423  Li-15    0.776782  2.800790  Li-16   -0.151786  2.800790   Li-3   -0.125902  3.234074   Li-7   -0.150357  3.234074     4   Nucleophile
7          7      Li   4.851111   8.085185  10.000000   9.167271  15.278785  18.897261  3.150357      1.853157     538.008658   3    -0.150357       -0.000279  Li-16   -0.151786  2.800790  Li-17   -1.153706  2.800790   Li-4    0.774723  3.234074   Li-8    0.771131  3.234074     4   Nucleophile
8          8      Li   8.085185   8.085185  10.000000  15.278785  15.278785  18.897261  2.228869      1.847171     150.981627   3     0.771131        0.005107  Li-17   -1.153706  2.800790   Li-5   -1.895311  3.234074   Li-5   -1.895311  3.234074  Li-26    0.789104  3.522057     4  Electrophile
9          9      Li   0.000000   0.000000  11.617037   0.000000   0.000000  21.953018  3.191521      1.834412     407.634001   3    -0.191521       -0.000470   Li-0   -0.234009  2.800790  Li-18    0.786998  2.918276  Li-12    0.776675  3.234074  Li-10   -1.013065  3.234074     3   Nucleophile
10        10      Li   3.234074   0.000000  11.617037   6.111514   0.000000  21.953018  4.013065      1.837304     766.501658   3    -1.013065       -0.001322   Li-1   -0.967179  2.800790   Li-0   -0.234009  2.800790  Li-19    0.788495  2.954370  Li-18    0.786998  2.956381     3   Nucleophile
11        11      Li   6.468148   0.000000  11.617037  12.223028   0.000000  21.953018  3.193504      1.839804     408.335726   3    -0.193504       -0.000474   Li-1   -0.967179  2.800790   Li-2    0.771072  2.800790  Li-19    0.788495  2.932373  Li-20    0.789088  2.976310     3   Nucleophile
12        12      Li   0.000000   3.234074  11.617037   0.000000   6.111514  21.953018  2.223325      1.837296      36.862713   3     0.776675        0.021069   Li-3   -0.125902  2.800790   Li-0   -0.234009  2.800790  Li-21    0.788164  2.930285  Li-18    0.786998  2.938699     3  Electrophile
13        13      Li   3.234074   3.234074  11.617037   6.111514   6.111514  21.953018  3.140096      1.837300     411.480198   3    -0.140096       -0.000340   Li-1   -0.967179  2.800790   Li-3   -0.125902  2.800790   Li-0   -0.234009  2.800790   Li-4    0.774723  2.800790     3   Nucleophile
14        14      Li   6.468148   3.234074  11.617037  12.223028   6.111514  21.953018  3.181530      1.837296     403.566299   3    -0.181530       -0.000450   Li-1   -0.967179  2.800790   Li-4    0.774723  2.800790   Li-5   -1.895311  2.800790   Li-2    0.771072  2.800790     3   Nucleophile
15        15      Li   0.000000   6.468148  11.617037   0.000000  12.223028  21.953018  2.223218      1.834421      36.837018   3     0.776782        0.021087   Li-3   -0.125902  2.800790   Li-6   -0.217867  2.800790  Li-21    0.788164  2.929619  Li-24    0.786601  2.932539     3  Electrophile
16        16      Li   3.234074   6.468148  11.617037   6.111514  12.223028  21.953018  3.151786      1.837296     410.164907   3    -0.151786       -0.000370   Li-3   -0.125902  2.800790   Li-4    0.774723  2.800790   Li-6   -0.217867  2.800790   Li-7   -0.150357  2.800790     3   Nucleophile
17        17      Li   6.468148   6.468148  11.617037  12.223028  12.223028  21.953018  4.153706      1.840475     752.785238   3    -1.153706       -0.001533   Li-4    0.774723  2.800790   Li-5   -1.895311  2.800790   Li-7   -0.150357  2.800790   Li-8    0.771131  2.800790     3   Nucleophile
18        18      Li   1.617038   1.617038  13.469728   2.990355   3.020810  25.466544  2.213002      1.884308      36.197314   3     0.786998        0.021742   Li-9   -0.191521  2.918276  Li-12    0.776675  2.938699  Li-10   -1.013065  2.956381  Li-13   -0.140096  2.976543     2  Electrophile
19        19      Li   4.851111   1.617038  13.469729   9.205104   3.050769  25.458992  2.211505      1.883589      35.744117   3     0.788495        0.022059  Li-11   -0.193504  2.932373  Li-28   -1.809276  2.934596  Li-14   -0.181530  2.935282  Li-10   -1.013065  2.954370     2  Electrophile
20        20      Li   8.085184   1.617038  13.469728  15.329339   2.999568  25.556826  2.210912      1.894045      36.322686   3     0.789088        0.021724  Li-11   -0.193504  2.976310  Li-32   -0.400231  2.996481  Li-29    0.242742  3.004755  Li-14   -0.181530  3.008446     2  Electrophile
21        21      Li   1.617038   4.851111  13.469729   3.028188   9.168411  25.438510  2.211836      1.889067      35.653300   3     0.788164        0.022106  Li-15    0.776782  2.929619  Li-12    0.776675  2.930285  Li-16   -0.151786  2.945680  Li-13   -0.140096  2.946342     2  Electrophile
22        22      Li   4.851111   4.851111  13.469730   9.191428   9.160707  25.430856  2.212430      1.882196      35.704246   3     0.787570        0.022058  Li-14   -0.181530  2.926476  Li-17   -1.153706  2.930312  Li-13   -0.140096  2.940569  Li-16   -0.151786  2.944387     2  Electrophile
23        23      Li   8.085184   4.851111  13.469729  15.262863   9.170373  25.450945  2.211762      1.889953      35.818542   3     0.788238        0.022006  Li-17   -1.153706  2.936566  Li-14   -0.181530  2.938373  Li-35    0.259167  2.996890  Li-32   -0.400231  2.999944     2  Electrophile
24        24      Li   1.617038   8.085184  13.469728   3.002042  15.304854  25.445938  2.213399      1.880788      36.182252   3     0.786601        0.021740  Li-15    0.776782  2.932539  Li-16   -0.151786  2.963721  Li-34   -0.605827  3.008056  Li-33   -0.978427  3.008503     2  Electrophile
25        25      Li   4.851111   8.085184  13.469729   9.205333  15.274400  25.450603  2.211533      1.884562      35.688741   3     0.788467        0.022093  Li-17   -1.153706  2.929676  Li-16   -0.151786  2.951826  Li-34   -0.605827  2.982139  Li-35    0.259167  2.988307     2  Electrophile
26        26      Li   8.085184   8.085184  13.469728  15.321674  15.329050  25.552656  2.210896      1.893787      36.237185   3     0.789104        0.021776  Li-35    0.259167  2.989343  Li-17   -1.153706  3.003115  Li-25    0.788467  3.237208  Li-23    0.788238  3.259624     2  Electrophile
27        27      Li  -0.000000  -0.000000  15.445939   0.075214  -0.013049  29.571624  2.185438      1.343615      38.486338   3     0.814562        0.021165  Li-18    0.786998  3.110645  Li-28   -1.809276  3.257008  Li-30   -1.667985  3.281520   Li-9   -0.191521  4.031795     1  Electrophile
28        28      Li   3.234074   0.000000  15.445939   6.201959  -0.000031  28.984218  4.809276      2.172084     535.728938   3    -1.809276       -0.003377  Li-19    0.788495  2.934596  Li-18    0.786998  2.984761  Li-29    0.242742  3.176762  Li-31    0.111656  3.248445     1   Nucleophile
29        29      Li   6.468148   0.000000  15.445939  12.200423  -0.002347  29.222880  2.757258      1.900279     154.043256   3     0.242742        0.001576  Li-20    0.789088  3.004755  Li-19    0.788495  3.014932  Li-28   -1.809276  3.176762  Li-32   -0.400231  3.233937     1  Electrophile
30        30      Li   0.000000   3.234074  15.445939  -0.000469   6.171506  29.124287  4.667985      3.484979     730.632613   3    -1.667985       -0.002283  Li-21    0.788164  2.981253  Li-18    0.786998  3.005196  Li-33   -0.978427  3.176911  Li-31    0.111656  3.242558     1   Nucleophile
31        31      Li   3.234076   3.234076  15.445938   6.126517   6.137838  29.048594  2.888344      1.910680     321.108739   3     0.111656        0.000348  Li-22    0.787570  2.975625  Li-21    0.788164  2.984894  Li-19    0.788495  2.988467  Li-18    0.786998  3.011314     1  Electrophile
32        32      Li   6.468146   3.234076  15.445938  12.228344   6.108174  29.132386  3.400231      1.919531     397.110784   3    -0.400231       -0.001008  Li-19    0.788495  2.992614  Li-20    0.789088  2.996481  Li-23    0.788238  2.999944  Li-22    0.787570  3.004783     1   Nucleophile
33        33      Li   0.000000   6.468148  15.445939  -0.005787  12.174991  29.117307  3.978427      1.902441     512.603023   3    -0.978427       -0.001909  Li-21    0.788164  2.983080  Li-24    0.786601  3.008503  Li-30   -1.667985  3.176911  Li-34   -0.605827  3.247523     1   Nucleophile
34        34      Li   3.234076   6.468146  15.445938   6.130470  12.191239  29.027943  3.605827      1.909088     656.513353   3    -0.605827       -0.000923  Li-22    0.787570  2.969652  Li-21    0.788164  2.976859  Li-25    0.788467  2.982139  Li-24    0.786601  3.008056     1   Nucleophile
35        35      Li   6.468146   6.468146  15.445938  12.228681  12.232242  29.124046  2.740833      1.916783     195.012655   3     0.259167        0.001329  Li-25    0.788467  2.988307  Li-26    0.789104  2.989343  Li-23    0.788238  2.996890  Li-22    0.787570  3.007426     1  Electrophile
36        36       O   9.702222   9.702222  19.645939  17.699870  18.582711  39.399220  9.046377      1.287330    1093.027945   8    -1.046377       -0.000957   H-44    0.518437  0.964335   C-37    0.517085  1.436072   H-40    0.006790  2.018339   H-39   -0.014137  2.088226     0   Nucleophile
37        37       C   8.519814  10.518979  19.650238  15.655834  20.030214  38.354582  5.482915      0.839335      83.078658   6     0.517085        0.006224   H-40    0.006790  1.092783   H-39   -0.014137  1.097970   O-36   -1.046377  1.436072   C-38    0.028806  1.521677     0  Electrophile
38        38       C   7.235600   9.699361  19.635704  13.570529  18.388789  37.247322  5.971194      1.172904     122.004017   6     0.028806        0.000236   H-42   -0.021200  1.092356   H-43   -0.016703  1.093525   H-41   -0.012300  1.093725   C-37    0.517085  1.521677     0  Electrophile
39        39       H   8.528438  11.202515  20.510398  14.876234  21.311856  39.787995  1.014137      0.642839     914.154964   1    -0.014137       -0.000015   C-37    0.517085  1.097970   H-40    0.006790  1.769230   O-36   -1.046377  2.088226   C-38    0.028806  2.162789     0   Nucleophile
40        40       H   8.595203  11.128705  18.747442  16.516974  21.188338  36.877538  0.993210      0.607561     151.379448   1     0.006790        0.000045   C-37    0.517085  1.092783   H-39   -0.014137  1.769230   O-36   -1.046377  2.018339   C-38    0.028806  2.159649     0  Electrophile
41        41       H   6.358673  10.353307  19.620269  12.094977  19.572433  36.414519  1.012300      0.639018     198.216048   1    -0.012300       -0.000062   C-38    0.028806  1.093725   H-43   -0.016703  1.768595   H-42   -0.021200  1.773926   C-37    0.517085  2.159478     0   Nucleophile
42        42       H   7.200889   9.050338  18.758886  14.315031  17.142131  35.780113  1.021200      0.632751     122.836429   1    -0.021200       -0.000173   C-38    0.028806  1.092356   H-43   -0.016703  1.772555   H-41   -0.012300  1.773926   C-37    0.517085  2.166828     0   Nucleophile
43        43       H   7.165412   9.070873  20.528265  12.697883  17.221678  38.712452  1.016703      0.638498     735.410456   1    -0.016703       -0.000023   C-38    0.028806  1.093525   H-41   -0.012300  1.768595   H-42   -0.021200  1.772555   C-37    0.517085  2.166748     0   Nucleophile
44        44       H   9.663055   9.119245  20.414164  17.046052  17.615404  40.798407  0.481563      0.270904     596.992985   1     0.518437        0.000868   O-36   -1.046377  0.964335   C-37    0.517085  1.961263   H-39   -0.014137  2.330352   H-43   -0.016703  2.560518     0  Electrophile
45        45       N   9.702000   9.702000  16.945939  20.188765  18.138864  33.002307  7.369081      1.022380     176.868811   7    -0.369081       -0.002087   N-46    0.094977  1.111502   H-40    0.006790  3.253418   H-42   -0.021200  3.478527   O-36   -1.046377  3.639882     0   Nucleophile
46        46       N   9.702000   9.702000  18.042561  21.334606  18.081313  34.761726  6.905023      0.877250     379.316916   7     0.094977        0.000250   N-45   -0.369081  1.111502   O-36   -1.046377  3.129270   H-40    0.006790  3.233608   C-37    0.517085  3.702550     0  Electrophile