   Atom                     Volume(s)
  ------------------------------------------------------------------------
     1   ...      30
     2   ...      37   59
     3   ...       2   67   80
     4   ...      19   23   26   31
     5   ...      38   52   60
     6   ...      15   69   81
     7   ...       3   32
     8   ...      36   53   62
     9   ...       9   25   68   82
    10   ...       4
    11   ...      43   48
    12   ...      72
    13   ...      14
    14   ...      44
    15   ...      73
    16   ...      21
    17   ...      45
    18   ...      74   76
    19   ...      28
    20   ...      57
    21   ...      79
    22   ...      33
    23   ...      39   40   41   61
    24   ...      83
    25   ...      29
    26   ...      56
    27   ...      24   75   78   84
    28   ...       5    6
    29   ...      42
    30   ...      49   55   63
    31   ...      16   17
    32   ...      47
    33   ...      64   70
    34   ...      20   22
    35   ...      34   35   46
    36   ...      54   58   65   66   77
    37   ...       8
    38   ...      50
    39   ...      13
    40   ...      11
    41   ...      18
    42   ...      12
    43   ...      51
    44   ...      10
    45   ...       1
    46   ...      71
    47   ...       7
    48   ...      27
  ------------------------------------------------------------------------
