   ASE Index Element    X (Ang)    Y (Ang)    Z (Ang)   X (Bohr)   Y (Bohr)   Z (Bohr)    CHARGE  Min Distance  Atomic Volume  AN  Charge Gain  Tags    1NN  1NN charge  1NN dist    2NN  2NN charge  2NN dist    3NN  3NN charge  3NN dist    4NN  4NN charge  4NN dist         Class
0          0      Li   1.617037   1.617037  10.000000   3.055757   3.055757  18.897261  2.263836      1.900034     221.765251   3     0.736164     4   Li-9   -0.041287  2.800790  Li-10   -1.155897  2.800790   Li-9   -0.041287  2.800790  Li-12   -1.282935  2.800790  Electrophile
1          1      Li   4.851111   1.617037  10.000000   9.167271   3.055757  18.897261  4.033855      1.879633     944.353498   3    -1.033855     4  Li-10   -1.155897  2.800790  Li-11    0.734370  2.800790  Li-13   -0.875463  2.800790  Li-14    0.735535  2.800790   Nucleophile
2          2      Li   8.085185   1.617037  10.000000  15.278785   3.055757  18.897261  4.017009      1.886682     839.084696   3    -1.017009     4  Li-11    0.734370  2.800790  Li-14    0.735535  2.800790   Li-5    0.746822  3.234074   Li-1   -1.033855  3.234074   Nucleophile
3          3      Li   1.617037   4.851111  10.000000   3.055757   9.167271  18.897261  3.180158      1.879633     536.384899   3    -0.180158     4  Li-12   -1.282935  2.800790  Li-13   -0.875463  2.800790  Li-12   -1.282935  2.800790  Li-15    0.734594  2.800790   Nucleophile
4          4      Li   4.851111   4.851111  10.000000   9.167271   9.167271  18.897261  3.927566      1.893756     879.743247   3    -0.927566     4  Li-14    0.735535  2.800790  Li-16    0.734490  2.800790  Li-17    0.717514  2.800790  Li-13   -0.875463  2.800790   Nucleophile
5          5      Li   8.085185   4.851111  10.000000  15.278785   9.167271  18.897261  2.253178      1.886698     161.342035   3     0.746822     4  Li-14    0.735535  2.800790  Li-17    0.717514  2.800790   Li-2   -1.017009  3.234074   Li-4   -0.927566  3.234074  Electrophile
6          6      Li   1.617037   8.085185  10.000000   3.055757  15.278785  18.897261  4.014167      1.887708     951.662032   3    -1.014167     4  Li-15    0.734594  2.800790  Li-16    0.734490  2.800790   Li-3   -0.180158  3.234074   Li-7    0.748086  3.234074   Nucleophile
7          7      Li   4.851111   8.085185  10.000000   9.167271  15.278785  18.897261  2.251914      1.887698     155.094644   3     0.748086     4  Li-16    0.734490  2.800790  Li-17    0.717514  2.800790   Li-8   -0.986011  3.234074   Li-6   -1.014167  3.234074  Electrophile
8          8      Li   8.085185   8.085185  10.000000  15.278785  15.278785  18.897261  3.986011      1.893775     843.855008   3    -0.986011     4  Li-17    0.717514  2.800790   Li-5    0.746822  3.234074   Li-5    0.746822  3.234074  Li-26    0.758251  3.475994   Nucleophile
9          9      Li   0.000000   0.000000  11.617037   0.000000   0.000000  21.953018  3.041287      1.886550     355.316849   3    -0.041287     3   Li-0    0.736164  2.800790  Li-18    0.775280  3.015981  Li-12   -1.282935  3.234074  Li-10   -1.155897  3.234074   Nucleophile
10        10      Li   3.234074   0.000000  11.617037   6.111514   0.000000  21.953018  4.155897      1.891895     737.062131   3    -1.155897     3   Li-1   -1.033855  2.800790   Li-0    0.736164  2.800790  Li-19    0.755548  2.940564  Li-18    0.775280  3.023544   Nucleophile
11        11      Li   6.468148   0.000000  11.617037  12.223028   0.000000  21.953018  2.265630      1.865489      47.825658   3     0.734370     3   Li-1   -1.033855  2.800790   Li-2   -1.017009  2.800790  Li-19    0.755548  2.948449  Li-20    0.748959  2.983036  Electrophile
12        12      Li   0.000000   3.234074  11.617037   0.000000   6.111514  21.953018  4.282935      1.890352     758.386008   3    -1.282935     3   Li-3   -0.180158  2.800790   Li-0    0.736164  2.800790  Li-21   -0.246332  2.962501  Li-18    0.775280  3.035649   Nucleophile
13        13      Li   3.234074   3.234074  11.617037   6.111514   6.111514  21.953018  3.875463      1.888497     655.048433   3    -0.875463     3   Li-1   -1.033855  2.800790   Li-3   -0.180158  2.800790   Li-0    0.736164  2.800790   Li-4   -0.927566  2.800790   Nucleophile
14        14      Li   6.468148   3.234074  11.617037  12.223028   6.111514  21.953018  2.264465      1.864145      47.410161   3     0.735535     3   Li-1   -1.033855  2.800790   Li-4   -0.927566  2.800790   Li-2   -1.017009  2.800790   Li-5    0.746822  2.800790  Electrophile
15        15      Li   0.000000   6.468148  11.617037   0.000000  12.223028  21.953018  2.265406      1.866330      47.169471   3     0.734594     3   Li-3   -0.180158  2.800790   Li-6   -1.014167  2.800790  Li-24    0.759411  2.933689  Li-21   -0.246332  3.040132  Electrophile
16        16      Li   3.234074   6.468148  11.617037   6.111514  12.223028  21.953018  2.265510      1.866325      47.168153   3     0.734490     3   Li-3   -0.180158  2.800790   Li-4   -0.927566  2.800790   Li-7    0.748086  2.800790   Li-6   -1.014167  2.800790  Electrophile
17        17      Li   6.468148   6.468148  11.617037  12.223028  12.223028  21.953018  2.282486      1.865194      68.800360   3     0.717514     3   Li-4   -0.927566  2.800790   Li-5    0.746822  2.800790   Li-7    0.748086  2.800790   Li-8   -0.986011  2.800790  Electrophile
18        18      Li   1.609975   1.598635  13.604117   3.042412   3.020983  25.708055  2.224720      1.379563      36.121902   3     0.775280     2   N-46   -1.170454  2.099402   N-45   -1.178934  2.102609  Li-28    0.780831  2.856090  Li-30    0.836394  2.930590  Electrophile
19        19      Li   4.843932   1.622734  13.466904   9.153704   3.066523  25.448760  2.244452      1.931970      41.129829   3     0.755548     2  Li-13   -0.875463  2.934291  Li-10   -1.155897  2.940564  Li-14    0.735535  2.942194  Li-31    0.762684  2.947784  Electrophile
20        20      Li   8.148462   1.563436  13.522481  15.398362   2.954466  25.553786  2.251041      1.932600      43.685180   3     0.748959     2  Li-32   -0.449923  2.971857  Li-11    0.734370  2.983036  Li-14    0.735535  3.040593  Li-29    0.722412  3.045917  Electrophile
21        21      Li   1.662134   4.779067  13.521431   3.140977   9.031128  25.551802  3.246332      1.946596     309.127267   3    -0.246332     2  Li-13   -0.875463  2.912854  Li-12   -1.282935  2.962501  Li-33    0.726169  2.980421  Li-16    0.734490  2.991773   Nucleophile
22        22      Li   4.870765   4.875067  13.468498   9.204412   9.212541  25.451772  3.112577      1.940577     378.828017   3    -0.112577     2  Li-17    0.717514  2.918467  Li-16    0.734490  2.940165  Li-14    0.735535  2.944893  Li-32   -0.449923  2.955426   Nucleophile
23        23      Li   8.169422   4.790855  13.478466  15.437971   9.053403  25.470609  2.321520      1.936932      53.791512   3     0.678480     2  Li-32   -0.449923  2.878566  Li-14    0.735535  2.963582  Li-17    0.717514  3.028624  Li-35   -2.445302  3.106847  Electrophile
24        24      Li   1.607167   8.040120  13.501832   3.037106  15.193624  25.514765  2.240589      1.938932      40.954582   3     0.759411     2  Li-15    0.734594  2.933689  Li-16    0.734490  2.944550  Li-34    0.726415  2.991545  Li-33    0.726169  3.115501  Electrophile
25        25      Li   4.803949   8.103250  13.483879   9.078148  15.312924  25.480839  3.290407      1.936186     468.027267   3    -0.290407     2  Li-16    0.734490  2.936523  Li-34    0.726415  2.948207  Li-17    0.717514  2.988012  Li-35   -2.445302  3.045624   Nucleophile
26        26      Li   8.036814   8.001319  13.474645  15.187378  15.120302  25.463389  2.241749      1.939158      39.396687   3     0.758251     2  Li-17    0.717514  2.874376  Li-35   -2.445302  2.954737  Li-23    0.678480  3.213204  Li-25   -0.290407  3.234485  Electrophile
27        27      Li  -0.063753  -0.285001  15.419421  -0.120476  -0.538574  29.138483  3.394790      1.218178     381.925359   3    -0.394790     1   N-45   -1.178934  1.834355   N-46   -1.170454  3.088177  Li-18    0.775280  3.105605  Li-30    0.836394  3.141116   Nucleophile
28        28      Li   3.098794   0.084090  15.513783   5.855871   0.158907  29.316801  2.219169      1.322170      63.100669   3     0.780831     1   N-46   -1.170454  2.023157   N-45   -1.178934  2.036038  Li-18    0.775280  2.856090  Li-19    0.755548  3.098814  Electrophile
29        29      Li   6.369060  -0.030990  15.411698  12.035779  -0.058563  29.123889  2.277588      1.954454     132.360887   3     0.722412     1  Li-19    0.755548  2.973726  Li-20    0.748959  3.045917  Li-28    0.780831  3.273883  Li-32   -0.449923  3.333748  Electrophile
30        30      Li   0.322834   2.786067  15.953932   0.610068   5.264903  30.148562  2.163606      1.329429      35.155190   3     0.836394     1   O-36   -1.201965  1.993220   N-46   -1.170454  2.068776   N-45   -1.178934  2.081680   H-44    0.565841  2.474430  Electrophile
31        31      Li   3.399802   3.204935  15.491888   6.424694   6.056449  29.275425  2.237316      1.223914     103.287943   3     0.762684     1   N-46   -1.170454  1.840492  Li-19    0.755548  2.947784  Li-22   -0.112577  3.007853  Li-18    0.775280  3.057344  Electrophile
32        32      Li   6.543256   3.297079  15.325181  12.364961   6.230577  28.960396  3.449923      1.964666     366.250662   3    -0.449923     1  Li-23    0.678480  2.878566  Li-22   -0.112577  2.955426  Li-20    0.748959  2.971857  Li-19    0.755548  3.023959   Nucleophile
33        33      Li  -0.049187   6.266643  15.455705  -0.092949  11.842238  29.207049  2.273831      1.966180     121.071750   3     0.726169     1  Li-21   -0.246332  2.980421  Li-24    0.759411  3.115501  Li-34    0.726415  3.345143  Li-30    0.836394  3.535681  Electrophile
34        34      Li   3.287794   6.499569  15.438721   6.213031  12.282406  29.174954  2.273585      1.958965     181.913098   3     0.726415     1  Li-25   -0.290407  2.948207  Li-24    0.759411  2.991545  Li-22   -0.112577  3.004428  Li-21   -0.246332  3.046129  Electrophile
35        35      Li   6.460607   6.474192  15.453010  12.208778  12.234451  29.201957  5.445302      3.391705    1263.754437   3    -2.445302     1  Li-26    0.758251  2.954737  Li-22   -0.112577  3.003846  Li-25   -0.290407  3.045624  Li-23    0.678480  3.106847   Nucleophile
36        36       O  -0.245763   2.839228  17.863591  -0.464424   5.365364  33.757296  9.201965      1.445935     208.812807   8    -1.201965     0   H-44    0.565841  0.969432   C-37    0.343005  1.452634  Li-30    0.836394  1.993220   H-40    0.075159  2.027076   Nucleophile
37        37       C   0.285156   1.884733  18.821301   0.538867   3.561630  35.567105  5.656995      0.844498      76.753222   6     0.343005     0   H-40    0.075159  1.091354   H-39    0.069120  1.095851   O-36   -1.201965  1.452634   C-38   -0.176104  1.518220  Electrophile
38        38       C  -0.275928   2.103388  20.214989  -0.521428   3.974827  38.200794  6.176104      1.213563     282.476153   6    -0.176104     0   H-42    0.076231  1.091130   H-41    0.072630  1.092628   H-43    0.061017  1.093971   C-37    0.343005  1.518220   Nucleophile
39        39       H   0.080527   0.866674  18.471201   0.152173   1.637776  34.905511  0.930880      0.589658     146.872983   1     0.069120     0   C-37    0.343005  1.095851   H-40    0.075159  1.767338   O-36   -1.201965  2.089647   C-38   -0.176104  2.167330  Electrophile
40        40       H   1.365657   2.035955  18.794780   2.580718   3.847398  35.516988  0.924841      0.640501     197.479309   1     0.075159     0   C-37    0.343005  1.091354   H-39    0.069120  1.767338   O-36   -1.201965  2.027076   C-38   -0.176104  2.171714  Electrophile
41        41       H   0.156336   1.377303  20.907654   0.295433   2.602726  39.509739  0.927370      0.608118     782.805471   1     0.072630     0   C-38   -0.176104  1.092628   H-43    0.061017  1.765814   H-42    0.076231  1.772489   C-37    0.343005  2.151034  Electrophile
42        42       H  -0.050411   3.106825  20.579436  -0.095263   5.871048  38.889497  0.923769      0.609318     673.151110   1     0.076231     0   C-38   -0.176104  1.091130   H-43    0.061017  1.772254   H-41    0.072630  1.772489   C-37    0.343005  2.167291  Electrophile
43        43       H  -1.361448   1.968074  20.225438  -2.572764   3.719122  38.220539  0.938983      0.663447     529.188804   1     0.061017     0   C-38   -0.176104  1.093971   H-41    0.072630  1.765814   H-42    0.076231  1.772254   C-37    0.343005  2.165607  Electrophile
44        44       H  -1.213893   2.798740  17.893290  -2.293926   5.288851  33.813418  0.434159      0.308982      73.612397   1     0.565841     0   O-36   -1.201965  0.969432   C-37    0.343005  1.985891   H-39    0.069120  2.396327  Li-30    0.836394  2.474430  Electrophile
45        45       N   1.265984   0.968304  15.580304   2.392363   1.829829  29.442508  8.178934      1.120527     207.096795   7    -1.178934     0   N-46   -1.170454  1.255699  Li-27   -0.394790  1.834355  Li-28    0.780831  2.036038  Li-30    0.836394  2.081680   Nucleophile
46        46       N   2.144307   1.864960  15.616839   4.052153   3.524264  29.511548  8.170454      1.089914     250.829411   7    -1.170454     0   N-45   -1.178934  1.255699  Li-31    0.762684  1.840492  Li-28    0.780831  2.023157  Li-30    0.836394  2.068776   Nucleophile