   ASE Index Element    X (Ang)    Y (Ang)    Z (Ang)   X (Bohr)   Y (Bohr)   Z (Bohr)    CHARGE  Min Distance  Atomic Volume  AN  Charge Gain  Charge Density    1NN  1NN charge  1NN dist    2NN  2NN charge  2NN dist    3NN  3NN charge  3NN dist    4NN  4NN charge  4NN dist  Tags         Class
0          0      Li   1.617037   1.617037  10.000000   3.055757   3.055757  18.897261  4.017109      1.850309     902.241145   3    -1.017109       -0.001127   Li-9    0.775316  2.800790  Li-10    0.776340  2.800790  Li-12   -0.182450  2.800790   Li-9    0.775316  2.800790     4   Nucleophile
1          1      Li   4.851111   1.617037  10.000000   9.167271   3.055757  18.897261  4.992485      1.855280    1201.428065   3    -1.992485       -0.001658  Li-10    0.776340  2.800790  Li-11    0.775085  2.800790  Li-14    0.776267  2.800790  Li-13    0.775561  2.800790     4   Nucleophile
2          2      Li   8.085185   1.617037  10.000000  15.278785   3.055757  18.897261  3.189673      1.847141     533.289291   3    -0.189673       -0.000356  Li-11    0.775085  2.800790  Li-14    0.776267  2.800790   Li-5   -1.280510  3.234074   Li-1   -1.992485  3.234074     4   Nucleophile
3          3      Li   1.617037   4.851111  10.000000   3.055757   9.167271  18.897261  4.076661      1.853464     860.087142   3    -1.076661       -0.001252  Li-12   -0.182450  2.800790  Li-13    0.775561  2.800790  Li-12   -0.182450  2.800790  Li-13    0.775561  2.800790     4   Nucleophile
4          4      Li   4.851111   4.851111  10.000000   9.167271   9.167271  18.897261  2.229547      1.850317     153.074397   3     0.770453        0.005033  Li-14    0.776267  2.800790  Li-16    0.776107  2.800790  Li-17   -1.288922  2.800790  Li-13    0.775561  2.800790     4  Electrophile
5          5      Li   8.085185   4.851111  10.000000  15.278785   9.167271  18.897261  4.280510      1.847144     961.735818   3    -1.280510       -0.001331  Li-14    0.776267  2.800790  Li-17   -1.288922  2.800790   Li-8    0.768241  3.234074   Li-4    0.770453  3.234074     4   Nucleophile
6          6      Li   1.617037   8.085185  10.000000   3.055757  15.278785  18.897261  4.189841      1.847141     900.869148   3    -1.189841       -0.001321  Li-15   -0.141762  2.800790  Li-16    0.776107  2.800790   Li-3   -1.076661  3.234074   Li-7   -1.270164  3.234074     4   Nucleophile
7          7      Li   4.851111   8.085185  10.000000   9.167271  15.278785  18.897261  4.270164      1.847144     962.915548   3    -1.270164       -0.001319  Li-16    0.776107  2.800790  Li-17   -1.288922  2.800790   Li-8    0.768241  3.234074   Li-4    0.770453  3.234074     4   Nucleophile
8          8      Li   8.085185   8.085185  10.000000  15.278785  15.278785  18.897261  2.231759      1.859442     164.411863   3     0.768241        0.004673  Li-17   -1.288922  2.800790   Li-5   -1.280510  3.234074   Li-7   -1.270164  3.234074  Li-26    0.806629  3.589653     4  Electrophile
9          9      Li   0.000000   0.000000  11.617037   0.000000   0.000000  21.953018  2.224684      1.837300      37.378374   3     0.775316        0.020742   Li-0   -1.017109  2.800790  Li-18    0.788073  2.903837  Li-12   -0.182450  3.234074  Li-10    0.776340  3.234074     3  Electrophile
10        10      Li   3.234074   0.000000  11.617037   6.111514   0.000000  21.953018  2.223660      1.837296      37.207373   3     0.776340        0.020865   Li-1   -1.992485  2.800790   Li-0   -1.017109  2.800790  Li-19   -0.167565  2.968457  Li-18    0.788073  2.975536     3  Electrophile
11        11      Li   6.468148   0.000000  11.617037  12.223028   0.000000  21.953018  2.224915      1.834406      38.035799   3     0.775085        0.020378   Li-1   -1.992485  2.800790   Li-2   -0.189673  2.800790  Li-20    0.785267  2.947975  Li-19   -0.167565  3.004270     3  Electrophile
12        12      Li   0.000000   3.234074  11.617037   0.000000   6.111514  21.953018  3.182450      1.837304     403.942413   3    -0.182450       -0.000452   Li-3   -1.076661  2.800790   Li-0   -1.017109  2.800790  Li-18    0.788073  2.949830  Li-21    0.283770  2.979045     3   Nucleophile
13        13      Li   3.234074   3.234074  11.617037   6.111514   6.111514  21.953018  2.224439      1.837292      37.931249   3     0.775561        0.020446   Li-1   -1.992485  2.800790   Li-3   -1.076661  2.800790   Li-0   -1.017109  2.800790   Li-4    0.770453  2.800790     3  Electrophile
14        14      Li   6.468148   3.234074  11.617037  12.223028   6.111514  21.953018  2.223733      1.837296      37.003146   3     0.776267        0.020978   Li-1   -1.992485  2.800790   Li-4    0.770453  2.800790   Li-5   -1.280510  2.800790   Li-2   -0.189673  2.800790     3  Electrophile
15        15      Li   0.000000   6.468148  11.617037   0.000000  12.223028  21.953018  3.141762      1.834406     378.429128   3    -0.141762       -0.000375   Li-3   -1.076661  2.800790   Li-6   -1.189841  2.800790  Li-24    0.785462  2.952602  Li-21    0.283770  3.015659     3   Nucleophile
16        16      Li   3.234074   6.468148  11.617037   6.111514  12.223028  21.953018  2.223893      1.837304      36.956631   3     0.776107        0.021000   Li-3   -1.076661  2.800790   Li-4    0.770453  2.800790   Li-6   -1.189841  2.800790   Li-7   -1.270164  2.800790     3  Electrophile
17        17      Li   6.468148   6.468148  11.617037  12.223028  12.223028  21.953018  4.288922      1.839812     775.048616   3    -1.288922       -0.001663   Li-4    0.770453  2.800790   Li-5   -1.280510  2.800790   Li-7   -1.270164  2.800790   Li-8    0.768241  2.800790     3   Nucleophile
18        18      Li   1.617038   1.617038  13.469728   2.932600   2.977101  25.509550  2.211927      1.890694      36.204846   3     0.788073        0.021767   Li-9    0.775316  2.903837  Li-30    0.542778  2.908431  Li-28    0.505323  2.911577  Li-12   -0.182450  2.949830     2  Electrophile
19        19      Li   4.851111   1.617038  13.469729   9.104777   3.161584  25.490255  3.167565      1.893764     219.277987   3    -0.167565       -0.000764  Li-13    0.775561  2.906804  Li-29    0.814499  2.942664  Li-14    0.776267  2.943368  Li-31   -1.329777  2.955787     2   Nucleophile
20        20      Li   8.085184   1.617038  13.469728  15.163879   3.083495  25.541612  2.214733      1.900844      37.463432   3     0.785267        0.020961  Li-14    0.776267  2.931828  Li-11    0.775085  2.947975  Li-29    0.814499  2.985052  Li-32   -0.656889  3.095462     2  Electrophile
21        21      Li   1.617038   4.851111  13.469729   3.186688   9.103144  25.500880  2.716230      1.892514     249.506652   3     0.283770        0.001137  Li-13    0.775561  2.902853  Li-16    0.776107  2.940417  Li-33    0.029030  2.950695  Li-31   -1.329777  2.960581     2  Electrophile
22        22      Li   4.851111   4.851111  13.469730   9.297273   9.326505  25.490058  2.212373      1.889646      36.178265   3     0.787627        0.021771  Li-17   -1.288922  2.872245  Li-32   -0.656889  2.872883  Li-34   -0.074027  2.881887  Li-16    0.776107  2.948688     2  Electrophile
23        23      Li   8.085184   4.851111  13.469729  15.385415   9.186711  25.509201  2.214493      1.897083      37.396095   3     0.785507        0.021005  Li-32   -0.656889  2.965422  Li-17   -1.288922  2.987220  Li-14    0.776267  2.998337  Li-35    0.815232  3.133109     2  Electrophile
24        24      Li   1.617038   8.085184  13.469728   3.077915  15.191945  25.536872  2.214538      1.899750      37.434193   3     0.785462        0.020982  Li-16    0.776107  2.939731  Li-15   -0.141762  2.952602  Li-33    0.029030  2.972282  Li-34   -0.074027  3.125360     2  Electrophile
25        25      Li   4.851111   8.085184  13.469729   9.185555  15.363161  25.502299  2.213959      1.896939      37.278698   3     0.786041        0.021086  Li-34   -0.074027  2.975731  Li-17   -1.288922  2.978665  Li-16    0.776107  2.989151  Li-35    0.815232  3.154694     2  Electrophile
26        26      Li   8.085184   8.085184  13.469728  15.311384  15.283774  25.680641  2.193371      1.388623      32.734762   3     0.806629        0.024641   N-46   -1.084956  2.119835   N-45   -1.160775  2.125587  Li-35    0.815232  2.759841  Li-17   -1.288922  3.030725     2  Electrophile
27        27      Li  -0.000000  -0.000000  15.445939  -0.397060  -0.386144  29.330870  3.524809      1.325845     295.867903   3    -0.524809       -0.001774  Li-18    0.788073  3.218883  Li-28    0.505323  3.321720  Li-30    0.542778  3.329973   Li-9    0.775316  3.915177     1   Nucleophile
28        28      Li   3.234074   0.000000  15.445939   5.858687   0.109953  29.182476  2.494677      1.919950     173.277344   3     0.505323        0.002916  Li-18    0.788073  2.911577  Li-19   -0.167565  3.062014  Li-31   -1.329777  3.173323  Li-29    0.814499  3.246328     1  Electrophile
29        29      Li   6.468148   0.000000  15.445939  11.991602   0.244010  29.242165  2.185501      1.212078      41.624608   3     0.814499        0.019568  Li-19   -0.167565  2.942664  Li-20    0.785267  2.985052  Li-28    0.505323  3.246328  Li-32   -0.656889  3.311293     1  Electrophile
30        30      Li   0.000000   3.234074  15.445939   0.110558   5.885152  29.222614  2.457222      1.922543     124.609348   3     0.542778        0.004356  Li-18    0.788073  2.908431  Li-21    0.283770  3.070566  Li-31   -1.329777  3.186900  Li-33    0.029030  3.257061     1  Electrophile
31        31      Li   3.234076   3.234076  15.445938   6.128998   6.100561  29.192470  4.329777      3.425234     924.078348   3    -1.329777       -0.001439  Li-19   -0.167565  2.955787  Li-21    0.283770  2.960581  Li-18    0.788073  3.064519  Li-22    0.787627  3.092521     1   Nucleophile
32        32      Li   6.468146   3.234076  15.445938  12.108039   6.500010  29.175727  3.656889      1.924989     529.285383   3    -0.656889       -0.001241  Li-22    0.787627  2.872883  Li-23    0.785507  2.965422  Li-19   -0.167565  3.074122  Li-20    0.785267  3.095462     1   Nucleophile
33        33      Li   0.000000   6.468148  15.445939   0.294561  12.037251  29.258334  2.970970      1.219942     411.521841   3     0.029030        0.000071  Li-21    0.283770  2.950695  Li-24    0.785462  2.972282  Li-30    0.542778  3.257061  Li-34   -0.074027  3.288385     1  Electrophile
34        34      Li   3.234076   6.468146  15.445938   6.508070  12.124067  29.238746  3.074027      1.928314     495.867059   3    -0.074027       -0.000149  Li-22    0.787627  2.881887  Li-25    0.786041  2.975731  Li-21    0.283770  3.091464  Li-24    0.785462  3.125360     1   Nucleophile
35        35      Li   6.468146   6.468146  15.445938  12.782872  12.739399  29.466483  2.184768      1.324697      51.313197   3     0.815232        0.015887   N-45   -1.160775  2.036150   N-46   -1.084956  2.039250  Li-26    0.806629  2.759841  Li-23    0.785507  3.133109     1  Electrophile
36        36       O   9.702222   9.702222  18.445939  17.838189  18.867874  36.798532  9.054136      1.324613    1335.451338   8    -1.054136       -0.000789   H-44    0.509367  0.966066   C-37    0.514873  1.435857   H-39    0.016133  2.016588   H-40   -0.058469  2.091970     0   Nucleophile
37        37       C   8.519814  10.518979  18.450238  15.591495  20.208731  36.079586  5.485127      0.848826      71.941875   6     0.514873        0.007157   H-39    0.016133  1.092010   H-40   -0.058469  1.100571   O-36   -1.054136  1.435857   C-38    0.022629  1.521007     0  Electrophile
38        38       C   7.235600   9.699361  18.435704  13.222771  18.587606  36.230008  5.977371      1.192159     157.053497   6     0.022629        0.000144   H-43    0.002770  1.090683   H-41   -0.015183  1.094344   H-42   -0.018267  1.094620   C-37    0.514873  1.521007     0  Electrophile
39        39       H   8.528438  11.202515  19.310398  15.479649  21.803114  37.384912  0.983867      0.640931     778.190873   1     0.016133        0.000021   C-37    0.514873  1.092010   H-40   -0.058469  1.766099   O-36   -1.054136  2.016588   C-38    0.022629  2.166837     0  Electrophile
40        40       H   8.595203  11.128705  17.547442  15.794593  20.990810  34.163189  1.058469      0.668651      87.549054   1    -0.058469       -0.000668   C-37    0.514873  1.100571   H-39    0.016133  1.766099   O-36   -1.054136  2.091970   C-38    0.022629  2.160015     0   Nucleophile
41        41       H   6.358673  10.353307  18.420269  11.561093  19.691512  35.685137  1.015183      0.638054     264.980485   1    -0.015183       -0.000057   C-38    0.022629  1.094344   H-42   -0.018267  1.766725   H-43    0.002770  1.777202   C-37    0.514873  2.160395     0   Nucleophile
42        42       H   7.200889   9.050338  17.558886  13.358305  16.979432  34.936087  1.018267      0.665976     124.121153   1    -0.018267       -0.000147   C-38    0.022629  1.094620   H-41   -0.015183  1.766725   H-43    0.002770  1.774445   C-37    0.514873  2.164011     0   Nucleophile
43        43       H   7.165412   9.070873  19.328265  12.947880  17.870354  38.142620  0.997230      0.648655    1160.640300   1     0.002770        0.000002   C-38    0.022629  1.090683   H-42   -0.018267  1.774445   H-41   -0.015183  1.777202   C-37    0.514873  2.163346     0  Electrophile
44        44       H   9.663055   9.119245  19.214164  17.905745  17.320458  35.832222  0.490633      0.309677     102.348629   1     0.509367        0.004977   O-36   -1.054136  0.966066   C-37    0.514873  1.962888   H-40   -0.058469  2.408432   H-42   -0.018267  2.459312     0  Electrophile
45        45       N   9.702000   9.702000  16.945939  16.196115  14.514766  29.522565  8.160775      1.088522     283.581071   7    -1.160775       -0.004093   N-46   -1.084956  1.259433  Li-35    0.815232  2.036150  Li-26    0.806629  2.125587   H-42   -0.018267  3.487513     0   Nucleophile
46        46       N   8.605378   9.702000  16.945939  14.503293  16.187519  29.498695  8.084956      1.083392     180.567487   7    -1.084956       -0.006009   N-45   -1.160775  1.259433  Li-35    0.815232  2.039250  Li-26    0.806629  2.119835   H-42   -0.018267  2.970158     0   Nucleophile