   Atom                     Volume(s)
  ------------------------------------------------------------------------
     1   ...      11   32
     2   ...      52   60   69
     3   ...      78
     4   ...      21   28   33
     5   ...      53   61
     6   ...      15   25   79
     7   ...       9   34
     8   ...      41   54   62   64
     9   ...      75   80
    10   ...       2    3
    11   ...      45
    12   ...      73
    13   ...      17   27
    14   ...      39   46
    15   ...      71
    16   ...      23
    17   ...      40   47
    18   ...      67   72
    19   ...      30
    20   ...      59
    21   ...      76
    22   ...      35
    23   ...      51   55   63
    24   ...      81
    25   ...      10   31
    26   ...      50   58
    27   ...      77
    28   ...       5
    29   ...      36   43
    30   ...      68
    31   ...      18   20
    32   ...      37   48
    33   ...      70
    34   ...       4   24   26
    35   ...      29   38   42   44   56
    36   ...      57   66   74
    37   ...       7
    38   ...       1
    39   ...      16
    40   ...      13
    41   ...      19
    42   ...      49
    43   ...      22
    44   ...      14
    45   ...       6
    46   ...       8
    47   ...      65
    48   ...      12
  ------------------------------------------------------------------------
