   ASE Index Element    X (Ang)    Y (Ang)    Z (Ang)   X (Bohr)   Y (Bohr)   Z (Bohr)    CHARGE  Min Distance  Atomic Volume  AN  Charge Gain  Tags    1NN  1NN charge  1NN dist    2NN  2NN charge  2NN dist    3NN  3NN charge  3NN dist    4NN  4NN charge  4NN dist         Class
0          0      Li   1.617037   1.617037  10.000000   3.055757   3.055757  18.897261  3.202608      1.887706     517.675667   3    -0.202608     4   Li-9   -1.402357  2.800790  Li-10    0.731605  2.800790  Li-12   -0.867923  2.800790   Li-9   -1.402357  2.800790   Nucleophile
1          1      Li   4.851111   1.617037  10.000000   9.167271   3.055757  18.897261  2.976230      1.887702     524.655668   3     0.023770     4  Li-10    0.731605  2.800790  Li-11    0.732013  2.800790  Li-14   -0.981264  2.800790  Li-11    0.732013  2.800790  Electrophile
2          2      Li   8.085185   1.617037  10.000000  15.278785   3.055757  18.897261  3.191984      1.887697     517.660294   3    -0.191984     4  Li-11    0.732013  2.800790  Li-14   -0.981264  2.800790   Li-5    0.740329  3.234074   Li-1    0.023770  3.234074   Nucleophile
3          3      Li   1.617037   4.851111  10.000000   3.055757   9.167271  18.897261  2.259437      1.887702     188.123595   3     0.740563     4  Li-12   -0.867923  2.800790  Li-13   -0.180200  2.800790  Li-15    0.731793  2.800790  Li-12   -0.867923  2.800790  Electrophile
4          4      Li   4.851111   4.851111  10.000000   9.167271   9.167271  18.897261  4.687087      1.893756    1105.462749   3    -1.687087     4  Li-14   -0.981264  2.800790  Li-16    0.731063  2.800790  Li-17    0.731161  2.800790  Li-13   -0.180200  2.800790   Nucleophile
5          5      Li   8.085185   4.851111  10.000000  15.278785   9.167271  18.897261  2.259671      1.887698     188.547877   3     0.740329     4  Li-14   -0.981264  2.800790  Li-17    0.731161  2.800790   Li-2   -0.191984  3.234074   Li-4   -1.687087  3.234074  Electrophile
6          6      Li   1.617037   8.085185  10.000000   3.055757  15.278785  18.897261  4.082909      1.893760     913.135429   3    -1.082909     4  Li-15    0.731793  2.800790  Li-16    0.731063  2.800790   Li-3    0.740563  3.234074   Li-7    0.744755  3.234074   Nucleophile
7          7      Li   4.851111   8.085185  10.000000   9.167271  15.278785  18.897261  2.255245      1.877769     168.147668   3     0.744755     4  Li-16    0.731063  2.800790  Li-17    0.731161  2.800790   Li-4   -1.687087  3.234074   Li-8   -1.081107  3.234074  Electrophile
8          8      Li   8.085185   8.085185  10.000000  15.278785  15.278785  18.897261  4.081107      1.893775     905.848856   3    -1.081107     4  Li-17    0.731161  2.800790   Li-5    0.740329  3.234074   Li-5    0.740329  3.234074  Li-26    0.746967  3.427636   Nucleophile
9          9      Li   0.000000   0.000000  11.617037   0.000000   0.000000  21.953018  4.402357      1.864155     970.344911   3    -1.402357     3   Li-0   -0.202608  2.800790  Li-18    0.750065  2.917689  Li-10    0.731605  3.234074  Li-12   -0.867923  3.234074   Nucleophile
10        10      Li   3.234074   0.000000  11.617037   6.111514   0.000000  21.953018  2.268395      1.868975      50.482468   3     0.731605     3   Li-1    0.023770  2.800790   Li-0   -0.202608  2.800790  Li-18    0.750065  2.904951  Li-19   -0.651167  2.941748  Electrophile
11        11      Li   6.468148   0.000000  11.617037  12.223028   0.000000  21.953018  2.267987      1.868982      50.204884   3     0.732013     3   Li-1    0.023770  2.800790   Li-2   -0.191984  2.800790  Li-20    0.749406  2.911260  Li-19   -0.651167  2.945356  Electrophile
12        12      Li   0.000000   3.234074  11.617037   0.000000   6.111514  21.953018  3.867923      1.864153     694.619928   3    -0.867923     3   Li-3    0.740563  2.800790   Li-0   -0.202608  2.800790  Li-18    0.750065  2.908735  Li-21    0.750686  2.922028   Nucleophile
13        13      Li   3.234074   3.234074  11.617037   6.111514   6.111514  21.953018  3.180200      1.866327     432.619529   3    -0.180200     3   Li-1    0.023770  2.800790   Li-3    0.740563  2.800790   Li-0   -0.202608  2.800790   Li-4   -1.687087  2.800790   Nucleophile
14        14      Li   6.468148   3.234074  11.617037  12.223028   6.111514  21.953018  3.981264      1.868985     791.497092   3    -0.981264     3   Li-1    0.023770  2.800790   Li-4   -1.687087  2.800790   Li-5    0.740329  2.800790   Li-2   -0.191984  2.800790   Nucleophile
15        15      Li   0.000000   6.468148  11.617037   0.000000  12.223028  21.953018  2.268207      1.868982      49.508729   3     0.731793     3   Li-3    0.740563  2.800790   Li-6   -1.082909  2.800790  Li-24    0.747414  2.898964  Li-21    0.750686  2.987683  Electrophile
16        16      Li   3.234074   6.468148  11.617037   6.111514  12.223028  21.953018  2.268937      1.862596      49.702862   3     0.731063     3   Li-3    0.740563  2.800790   Li-4   -1.687087  2.800790   Li-6   -1.082909  2.800790   Li-7    0.744755  2.800790  Electrophile
17        17      Li   6.468148   6.468148  11.617037  12.223028  12.223028  21.953018  2.268839      1.862604      49.658501   3     0.731161     3   Li-4   -1.687087  2.800790   Li-5    0.740329  2.800790   Li-5    0.740329  2.800790   Li-8   -1.081107  2.800790  Electrophile
18        18      Li   1.628504   1.625102  13.411452   3.077426   3.070998  25.343972  2.249935      1.916097      40.897923   3     0.750065     2  Li-13   -0.180200  2.895958  Li-10    0.731605  2.904951  Li-12   -0.867923  2.908735   Li-9   -1.402357  2.917689  Electrophile
19        19      Li   4.847826   1.619565  13.468170   9.161064   3.060534  25.451152  3.651167      1.934169     367.828322   3    -0.651167     2  Li-29   -0.701571  2.938749  Li-13   -0.180200  2.938967  Li-28   -0.185977  2.940037  Li-10    0.731605  2.941748   Nucleophile
20        20      Li   8.076813   1.624000  13.419883  15.262964   3.068916  25.359903  2.250594      1.919364      40.926472   3     0.749406     2  Li-14   -0.981264  2.903514  Li-11    0.732013  2.911260  Li-29   -0.701571  3.033478  Li-32   -0.542040  3.046662  Electrophile
21        21      Li   1.582024   4.791125  13.517311   2.989592   9.053914  25.544015  2.249314      1.930700      41.761420   3     0.750686     2  Li-12   -0.867923  2.922028  Li-33    0.731067  2.941398  Li-31   -1.087954  2.944778  Li-13   -0.180200  2.960526  Electrophile
22        22      Li   4.847718   4.872445  13.453814   9.160859   9.207587  25.424024  2.243725      1.931496      40.784606   3     0.756275     2  Li-16    0.731063  2.919566  Li-17    0.731161  2.923322  Li-13   -0.180200  2.943103  Li-14   -0.981264  2.946830  Electrophile
23        23      Li   8.120434   4.793076  13.520402  15.345395   9.057602  25.549857  2.248169      1.931025      41.509749   3     0.751831     2  Li-32   -0.542040  2.948158  Li-14   -0.981264  2.963669  Li-17    0.731161  3.026336  Li-35    0.197749  3.029588  Electrophile
24        24      Li   1.636933   8.031822  13.427939   3.093355  15.177943  25.375128  2.252586      1.919711      41.054284   3     0.747414     2  Li-16    0.731063  2.876682  Li-15    0.731793  2.898964  Li-34    0.195810  2.987081  Li-33    0.731067  3.080848  Electrophile
25        25      Li   4.849591   8.047692  13.460339   9.164398  15.207934  25.436354  2.934911      1.912944     323.246265   3     0.065089     2  Li-16    0.731063  2.915924  Li-17    0.731161  2.917610  Li-35    0.197749  2.986725  Li-34    0.195810  2.991844  Electrophile
26        26      Li   8.069696   8.033440  13.427211  15.249515  15.181002  25.373751  2.253033      1.913778      41.170236   3     0.746967     2  Li-17    0.731161  2.879553  Li-35    0.197749  2.989644  Li-25    0.065089  3.220307  Li-23    0.751831  3.242101  Electrophile
27        27      Li   0.001710  -0.178888  15.255996   0.003232  -0.338049  28.829655  4.152352      1.422635     321.835068   3    -1.152352     1   N-46   -0.211143  2.182043   N-45   -0.484263  2.234709  Li-18    0.750065  3.050111  Li-30    0.350233  3.248977   Nucleophile
28        28      Li   3.297573  -0.026445  15.347314   6.231509  -0.049974  29.002220  3.185977      1.943791     348.570510   3    -0.185977     1  Li-19   -0.651167  2.940037  Li-18    0.750065  3.043182  Li-29   -0.701571  3.107789  Li-31   -1.087954  3.294555   Nucleophile
29        29      Li   6.405355  -0.023672  15.341703  12.104367  -0.044734  28.991616  3.701571      1.953532     550.852633   3    -0.701571     1  Li-19   -0.651167  2.938749  Li-20    0.749406  3.033478  Li-28   -0.185977  3.107789  Li-32   -0.542040  3.288086   Nucleophile
30        30      Li  -0.018675   3.054019  15.578100  -0.035290   5.771259  29.438342  2.649767      1.309118     145.438507   3     0.350233     1   N-45   -0.484263  1.999252  Li-18    0.750065  3.073981   N-46   -0.211143  3.128470  Li-21    0.750686  3.134745  Electrophile
31        31      Li   3.269709   3.267730  15.388862   6.178855   6.175115  29.080735  4.087954      1.959486     616.903508   3    -1.087954     1  Li-21    0.750686  2.944778  Li-22    0.756275  2.968103  Li-19   -0.651167  2.982610  Li-18    0.750065  3.049907   Nucleophile
32        32      Li   6.421953   3.264113  15.382946  12.135732   6.168280  29.069556  3.542040      1.946290     425.594728   3    -0.542040     1  Li-23    0.751831  2.948158  Li-22    0.756275  2.964203  Li-19   -0.651167  2.974690  Li-20    0.749406  3.046662   Nucleophile
33        33      Li   0.000112   6.363289  15.435037   0.000212  12.024873  29.167993  2.268933      1.946947     134.424757   3     0.731067     1  Li-21    0.750686  2.941398  Li-24    0.747414  3.080848  Li-34    0.195810  3.228595  Li-30    0.350233  3.312414  Electrophile
34        34      Li   3.226547   6.480979  15.425605   6.097291  12.247275  29.150169  2.804190      1.935123     314.198880   3     0.195810     1  Li-24    0.747414  2.987081  Li-25    0.065089  2.991844  Li-22    0.756275  3.017206  Li-21    0.750686  3.033422  Electrophile
35        35      Li   6.470359   6.480879  15.419608  12.227206  12.247086  29.138835  2.802251      1.939755     315.454155   3     0.197749     1  Li-25    0.065089  2.986725  Li-26    0.746967  2.989644  Li-22    0.756275  3.014028  Li-23    0.751831  3.029588  Electrophile
36        36       O  -0.139369   2.599147  19.805333  -0.263369   4.911676  37.426655  9.094051      1.352829     417.752548   8    -1.094051     0   H-44    0.573248  0.965433   C-37    0.377119  1.438610   H-40    0.069817  2.018255   H-39    0.049917  2.095454   Nucleophile
37        37       C  -0.044983   1.310281  20.437405  -0.085006   2.476072  38.621098  5.622881      0.897817      76.690414   6     0.377119     0   H-40    0.069817  1.090973   H-39    0.049917  1.098063   O-36   -1.094051  1.438610   C-38   -0.159864  1.519192  Electrophile
38        38       C   0.066764   1.402096  21.949697   0.126166   2.649578  41.478915  6.159864      1.197018     208.727160   6    -0.159864     0   H-42    0.066565  1.090494   H-43    0.046004  1.092094   H-41    0.065784  1.092703   C-37    0.377119  1.519192   Nucleophile
39        39       H  -0.890795   0.673117  20.146944  -1.683359   1.272007  38.072207  0.950083      0.608290     271.559909   1     0.049917     0   C-37    0.377119  1.098063   H-40    0.069817  1.761840   O-36   -1.094051  2.095454   C-38   -0.159864  2.167544  Electrophile
40        40       H   0.856981   0.857526  20.023044   1.619460   1.620490  37.838070  0.930183      0.605822     202.162217   1     0.069817     0   C-37    0.377119  1.090973   H-39    0.049917  1.761840   O-36   -1.094051  2.018255   C-38   -0.159864  2.152438  Electrophile
41        41       H   0.192606   0.405658  22.380131   0.363972   0.766582  42.292318  0.934216      0.612568     582.917508   1     0.065784     0   C-38   -0.159864  1.092703   H-43    0.046004  1.766491   H-42    0.066565  1.772311   C-37    0.377119  2.156149  Electrophile
42        42       H   0.927287   2.011339  22.228088   1.752319   3.800879  42.004999  0.933435      0.617239     555.815321   1     0.066565     0   C-38   -0.159864  1.090494   H-43    0.046004  1.771522   H-41    0.065784  1.772311   C-37    0.377119  2.154841  Electrophile
43        43       H  -0.829277   1.846554  22.388145  -1.567106   3.489481  42.307463  0.953996      0.618880     537.960362   1     0.046004     0   C-38   -0.159864  1.092094   H-41    0.065784  1.766491   H-42    0.066565  1.771522   C-37    0.377119  2.169814  Electrophile
44        44       H  -1.007103   2.971490  20.006482  -1.903148   5.615302  37.806772  0.426752      0.270396     199.881814   1     0.573248     0   O-36   -1.094051  0.965433   C-37    0.377119  1.967481   H-39    0.049917  2.305596   H-43    0.046004  2.639966  Electrophile
45        45       N   0.006452   1.456110  16.779376   0.012193   2.751649  31.708425  7.484263      0.980412     180.738199   7    -0.484263     0   N-46   -0.211143  1.135192  Li-30    0.350233  1.999252  Li-27   -1.152352  2.234709   O-36   -1.094051  3.237933   Nucleophile
46        46       N   0.021379   0.468886  17.339579   0.040400   0.886066  32.767055  7.211143      0.961514     231.879050   7    -0.211143     0   N-45   -0.484263  1.135192  Li-27   -1.152352  2.182043   H-40    0.069817  2.837298   H-39    0.049917  2.958898   Nucleophile