   ASE Index Element    X (Ang)    Y (Ang)    Z (Ang)   X (Bohr)   Y (Bohr)   Z (Bohr)    CHARGE  Min Distance  Atomic Volume  AN  Charge Gain  Charge Density    1NN  1NN charge  1NN dist    2NN  2NN charge  2NN dist    3NN  3NN charge  3NN dist    4NN  4NN charge  4NN dist  Tags         Class
0          0      Li   1.617037   1.617037  10.000000   3.055757   3.055757  18.897261  4.765787      1.887711    1181.767093   3    -1.765787       -0.001494   Li-9   -0.174628  2.800790  Li-10    0.731701  2.800790  Li-13    0.730915  2.800790  Li-12   -2.038913  2.800790     4   Nucleophile
1          1      Li   4.851111   1.617037  10.000000   9.167271   3.055757  18.897261  2.256639      1.887702     170.738157   3     0.743361        0.004354  Li-10    0.731701  2.800790  Li-11    0.729929  2.800790  Li-13    0.730915  2.800790  Li-14    0.729337  2.800790     4  Electrophile
2          2      Li   8.085185   1.617037  10.000000  15.278785   3.055757  18.897261  3.962862      1.893765     844.222630   3    -0.962862       -0.001141  Li-11    0.729929  2.800790  Li-14    0.729337  2.800790   Li-1    0.743361  3.234074   Li-5    0.738434  3.234074     4   Nucleophile
3          3      Li   1.617037   4.851111  10.000000   3.055757   9.167271  18.897261  2.263071      1.887702     198.274727   3     0.736929        0.003717  Li-12   -2.038913  2.800790  Li-13    0.730915  2.800790  Li-13    0.730915  2.800790  Li-12   -2.038913  2.800790     4  Electrophile
4          4      Li   4.851111   4.851111  10.000000   9.167271   9.167271  18.897261  4.666386      1.890834    1200.665187   3    -1.666386       -0.001388  Li-14    0.729337  2.800790  Li-16    0.727015  2.800790  Li-14    0.729337  2.800790  Li-13    0.730915  2.800790     4   Nucleophile
5          5      Li   8.085185   4.851111  10.000000  15.278785   9.167271  18.897261  2.261566      1.887707     186.354877   3     0.738434        0.003963  Li-14    0.729337  2.800790  Li-17   -0.198196  2.800790   Li-4   -1.666386  3.234074   Li-2   -0.962862  3.234074     4  Electrophile
6          6      Li   1.617037   8.085185  10.000000   3.055757  15.278785  18.897261  3.082384      1.887703     602.325092   3    -0.082384       -0.000137  Li-15    0.731601  2.800790  Li-16    0.727015  2.800790   Li-7   -1.664289  3.234074   Li-3    0.736929  3.234074     4   Nucleophile
7          7      Li   4.851111   8.085185  10.000000   9.167271  15.278785  18.897261  4.664289      1.879628    1209.012903   3    -1.664289       -0.001377  Li-16    0.727015  2.800790  Li-17   -0.198196  2.800790   Li-4   -1.666386  3.234074   Li-8   -0.101855  3.234074     4   Nucleophile
8          8      Li   8.085185   8.085185  10.000000  15.278785  15.278785  18.897261  3.101855      1.887726     559.646152   3    -0.101855       -0.000182  Li-17   -0.198196  2.800790   Li-5    0.738434  3.234074   Li-5    0.738434  3.234074  Li-26    0.752400  3.509550     4   Nucleophile
9          9      Li   0.000000   0.000000  11.617037   0.000000   0.000000  21.953018  3.174628      1.873655     378.098481   3    -0.174628       -0.000462   Li-0   -1.765787  2.800790  Li-18    0.745016  2.940373  Li-10    0.731701  3.234074  Li-12   -2.038913  3.234074     3   Nucleophile
10        10      Li   3.234074   0.000000  11.617037   6.111514   0.000000  21.953018  2.268299      1.868980      50.489496   3     0.731701        0.014492   Li-1    0.743361  2.800790   Li-0   -1.765787  2.800790  Li-18    0.745016  2.918583  Li-19    0.757737  2.938423     3  Electrophile
11        11      Li   6.468148   0.000000  11.617037  12.223028   0.000000  21.953018  2.270071      1.868972      52.603876   3     0.729929        0.013876   Li-1    0.743361  2.800790   Li-2   -0.962862  2.800790  Li-20    0.753640  2.927708  Li-19    0.757737  2.943060     3  Electrophile
12        12      Li   0.000000   3.234074  11.617037   0.000000   6.111514  21.953018  5.038913      1.876631    1064.984715   3    -2.038913       -0.001914   Li-3    0.736929  2.800790   Li-0   -1.765787  2.800790  Li-18    0.745016  2.938498  Li-21    0.756440  2.939448     3   Nucleophile
13        13      Li   3.234074   3.234074  11.617037   6.111514   6.111514  21.953018  2.269085      1.872978      50.228602   3     0.730915        0.014552   Li-1    0.743361  2.800790   Li-3    0.736929  2.800790   Li-1    0.743361  2.800790   Li-4   -1.666386  2.800790     3  Electrophile
14        14      Li   6.468148   3.234074  11.617037  12.223028   6.111514  21.953018  2.270663      1.875208      51.622670   3     0.729337        0.014128   Li-1    0.743361  2.800790   Li-4   -1.666386  2.800790   Li-5    0.738434  2.800790   Li-2   -0.962862  2.800790     3  Electrophile
15        15      Li   0.000000   6.468148  11.617037   0.000000  12.223028  21.953018  2.268399      1.879528      49.783677   3     0.731601        0.014696   Li-3    0.736929  2.800790   Li-6   -0.082384  2.800790  Li-24    0.754929  2.935584  Li-21    0.756440  3.028990     3  Electrophile
16        16      Li   3.234074   6.468148  11.617037   6.111514  12.223028  21.953018  2.272985      1.872096      54.032641   3     0.727015        0.013455   Li-3    0.736929  2.800790   Li-4   -1.666386  2.800790   Li-6   -0.082384  2.800790   Li-7   -1.664289  2.800790     3  Electrophile
17        17      Li   6.468148   6.468148  11.617037  12.223028  12.223028  21.953018  3.198196      1.876428     308.877793   3    -0.198196       -0.000642   Li-4   -1.666386  2.800790   Li-5    0.738434  2.800790   Li-5    0.738434  2.800790   Li-8   -0.101855  2.800790     3   Nucleophile
18        18      Li   1.636774   1.618741  13.446364   3.093055   3.058978  25.409946  2.254984      1.920876      41.476369   3     0.745016        0.017962  Li-13    0.730915  2.916694  Li-10    0.731701  2.918583  Li-12   -2.038913  2.938498   Li-9   -0.174628  2.940373     2  Electrophile
19        19      Li   4.846894   1.641799  13.443957   9.159302   3.102550  25.405397  2.242263      1.933729      39.136233   3     0.757737        0.019362  Li-13    0.730915  2.911042  Li-14    0.729337  2.915724  Li-29   -0.693882  2.919368  Li-10    0.731701  2.938423     2  Electrophile
20        20      Li   8.065436   1.611170  13.467516  15.241466   3.044670  25.449917  2.246360      1.930085      40.630441   3     0.753640        0.018549  Li-11    0.729929  2.927708  Li-14    0.729337  2.934182  Li-29   -0.693882  3.009435  Li-32    0.722938  3.024456     2  Electrophile
21        21      Li   1.593869   4.768487  13.552370   3.011975   9.011134  25.610268  2.243560      1.942603      41.191758   3     0.756440        0.018364  Li-12   -2.038913  2.939448  Li-33    0.719254  2.945080  Li-31   -1.288205  2.954878  Li-13    0.730915  2.964829     2  Electrophile
22        22      Li   4.866229   4.862675  13.458402   9.195840   9.189124  25.432694  2.933036      1.922149     268.164340   3     0.066964        0.000250  Li-17   -0.198196  2.921355  Li-14    0.729337  2.934129  Li-16    0.727015  2.938044  Li-13    0.730915  2.950745     2  Electrophile
23        23      Li   8.129911   4.769117  13.557797  15.363306   9.012324  25.620524  2.248179      1.945494      42.477779   3     0.751821        0.017699  Li-32    0.722938  2.976561  Li-14    0.729337  2.980665  Li-35   -0.629479  3.035138  Li-17   -0.198196  3.068341     2  Electrophile
24        24      Li   1.573152   8.054681  13.521180   2.972826  15.221142  25.551327  2.245071      1.938445      40.876841   3     0.754929        0.018468  Li-15    0.731601  2.935584  Li-16    0.727015  2.983540  Li-34   -0.205790  2.998919  Li-33    0.719254  3.056291     2  Electrophile
25        25      Li   4.820380   8.042011  13.420530   9.109199  15.197199  25.361126  4.285476      1.910732     675.872485   3    -1.285476       -0.001902  Li-16    0.727015  2.871585  Li-17   -0.198196  2.905989  Li-34   -0.205790  3.002079  Li-35   -0.629479  3.021515     2   Nucleophile
26        26      Li   8.117355   8.042535  13.509143  15.339577  15.198188  25.528581  2.247600      1.941627      41.379303   3     0.752400        0.018183  Li-17   -0.198196  2.962877  Li-35   -0.629479  2.994360  Li-23    0.751821  3.273804  Li-25   -1.285476  3.298165     2  Electrophile
27        27      Li  -0.018082  -0.045844  15.473720  -0.034170  -0.086632  29.241094  3.951195      1.328066     334.209505   3    -0.951195       -0.002846   O-36   -1.293297  2.031844   H-44    0.445952  2.398568   H-40    0.066074  2.876922   C-37    0.301631  2.934552     1   Nucleophile
28        28      Li   3.264058  -0.009991  15.342779   6.168176  -0.018880  28.993651  3.054133      1.934043     303.001099   3    -0.054133       -0.000179  Li-19    0.757737  2.973096  Li-18    0.745016  2.982819  Li-29   -0.693882  3.080232  Li-31   -1.288205  3.258993     1   Nucleophile
29        29      Li   6.343828  -0.042235  15.300278  11.988098  -0.079812  28.913335  3.693882      1.932213     483.589086   3    -0.693882       -0.001435  Li-19    0.757737  2.919368  Li-20    0.753640  3.009435  Li-28   -0.054133  3.080232  Li-32    0.722938  3.260830     1   Nucleophile
30        30      Li   0.102714   2.895419  15.750510   0.194102   5.471548  29.764151  2.238543      1.361622      55.563305   3     0.761457        0.013704   O-36   -1.293297  2.069069   H-44    0.445952  2.434829  Li-27   -0.951195  2.956726  Li-18    0.745016  3.048333     1  Electrophile
31        31      Li   3.303847   3.247801  15.421807   6.243365   6.137454  29.142991  4.288205      1.959893     713.677018   3    -1.288205       -0.001805  Li-21    0.756440  2.954878  Li-19    0.757737  2.978612  Li-22    0.066964  2.983926  Li-18    0.745016  3.055378     1   Nucleophile
32        32      Li   6.418912   3.215020  15.433211  12.129986   6.075506  29.164543  2.277062      1.946017     124.626754   3     0.722938        0.005801  Li-23    0.751821  2.976561  Li-19    0.757737  2.983856  Li-22    0.066964  3.004241  Li-20    0.753640  3.024456     1  Electrophile
33        33      Li   0.015068   6.318742  15.495973   0.028475  11.940693  29.283146  2.280746      1.963504     171.430359   3     0.719254        0.004196  Li-21    0.756440  2.945080  Li-24    0.754929  3.056291  Li-34   -0.205790  3.237656  Li-30    0.761457  3.433892     1  Electrophile
34        34      Li   3.248669   6.470099  15.438275   6.139095  12.226714  29.174111  3.205790      1.951993     508.075310   3    -0.205790       -0.000405  Li-24    0.754929  2.998919  Li-25   -1.285476  3.002079  Li-22    0.066964  3.019968  Li-21    0.756440  3.031581     1   Nucleophile
35        35      Li   6.441225   6.465034  15.424416  12.172150  12.217144  29.147921  3.629479      1.946513     686.493576   3    -0.629479       -0.000917  Li-22    0.066964  2.985527  Li-26    0.752400  2.994360  Li-25   -1.285476  3.021515  Li-23    0.751821  3.035138     1   Nucleophile
36        36       O  -0.373536   1.288691  16.964042  -0.705881   2.435273  32.057393  9.293297      1.433184     139.320684   8    -1.293297       -0.009283   H-44    0.445952  0.988173   C-37    0.301631  1.472966  Li-27   -0.951195  2.031844   H-40    0.066074  2.044053     0   Nucleophile
37        37       C   0.042281   0.789848  18.286116   0.079900   1.492597  34.555752  5.698369      0.892254      92.113002   6     0.301631        0.003275   H-40    0.066074  1.091632   H-39    0.069473  1.092447   O-36   -1.293297  1.472966   C-38   -0.181439  1.515994     0  Electrophile
38        38       C   0.078170   1.886499  19.332207   0.147719   3.564967  36.532576  6.181439      1.226652     286.144475   6    -0.181439       -0.000634   H-43    0.062794  1.090905   H-42    0.064926  1.092460   H-41    0.085778  1.094147   C-37    0.301631  1.515994     0   Nucleophile
39        39       H  -0.637169  -0.017419  18.569146  -1.204075  -0.032918  35.090600  0.930527      0.594113     378.760377   1     0.069473        0.000183   C-37    0.301631  1.092447   H-40    0.066074  1.768626   O-36   -1.293297  2.086093   C-38   -0.181439  2.172298     0  Electrophile
40        40       H   1.031836   0.359375  18.121390   1.949887   0.679120  34.244464  0.933926      0.593653     188.316850   1     0.066074        0.000351   C-37    0.301631  1.091632   H-39    0.069473  1.768626   O-36   -1.293297  2.044053   C-38   -0.181439  2.169716     0  Electrophile
41        41       H   0.400819   1.456163  20.285027   0.757438   2.751750  38.333145  0.914222      0.602199     936.857858   1     0.085778        0.000092   C-38   -0.181439  1.094147   H-43    0.062794  1.770082   H-42    0.064926  1.775616   C-37    0.301631  2.137327     0  Electrophile
42        42       H   0.780419   2.674441  19.050315   1.474779   5.053961  35.999877  0.935074      0.599414     294.976206   1     0.064926        0.000220   C-38   -0.181439  1.092460   H-41    0.085778  1.775616   H-43    0.062794  1.776342   C-37    0.301631  2.163454     0  Electrophile
43        43       H  -0.909344   2.327707  19.474425  -1.718411   4.398729  36.801329  0.937206      0.611662     512.250046   1     0.062794        0.000123   C-38   -0.181439  1.090905   H-41    0.085778  1.770082   H-42    0.064926  1.776342   C-37    0.301631  2.163950     0  Electrophile
44        44       H  -1.359286   1.330515  16.908968  -2.568678   2.514310  31.953318  0.554048      0.314647     132.093405   1     0.445952        0.003376   O-36   -1.293297  0.988173   C-37    0.301631  2.037953   H-39    0.069473  2.257116  Li-27   -0.951195  2.398568     0  Electrophile