   ASE Index Element    X (Ang)    Y (Ang)    Z (Ang)   X (Bohr)   Y (Bohr)   Z (Bohr)    CHARGE  Min Distance  Atomic Volume  AN  Charge Gain  Tags    1NN  1NN charge  1NN dist    2NN  2NN charge  2NN dist    3NN  3NN charge  3NN dist    4NN  4NN charge  4NN dist         Class
0          0      Li   1.617037   1.617037  10.000000   3.055757   3.055757  18.897261  3.275379      1.848020     543.623158   3    -0.275379     4   Li-9    0.774072  2.800790  Li-10    0.776384  2.800790  Li-13    0.775943  2.800790  Li-10    0.776384  2.800790   Nucleophile
1          1      Li   4.851111   1.617037  10.000000   9.167271   3.055757  18.897261  3.974409      1.848023     931.853885   3    -0.974409     4  Li-10    0.776384  2.800790  Li-11   -1.296765  2.800790  Li-13    0.775943  2.800790  Li-14    0.774400  2.800790   Nucleophile
2          2      Li   8.085185   1.617037  10.000000  15.278785   3.055757  18.897261  2.233508      1.859335     170.130723   3     0.766492     4  Li-11   -1.296765  2.800790  Li-14    0.774400  2.800790   Li-5   -0.202082  3.234074   Li-1   -0.974409  3.234074  Electrophile
3          3      Li   1.617037   4.851111  10.000000   3.055757   9.167271  18.897261  4.106841      1.848018     885.042813   3    -1.106841     4  Li-12   -0.246639  2.800790  Li-13    0.775943  2.800790  Li-16   -0.732496  2.800790  Li-15    0.776718  2.800790   Nucleophile
4          4      Li   4.851111   4.851111  10.000000   9.167271   9.167271  18.897261  5.159638      1.859337    1180.862311   3    -2.159638     4  Li-14    0.774400  2.800790  Li-16   -0.732496  2.800790  Li-17    0.776214  2.800790  Li-13    0.775943  2.800790   Nucleophile
5          5      Li   8.085185   4.851111  10.000000  15.278785   9.167271  18.897261  3.202082      1.848008     540.403714   3    -0.202082     4  Li-14    0.774400  2.800790  Li-17    0.776214  2.800790   Li-2    0.766492  3.234074   Li-4   -2.159638  3.234074   Nucleophile
6          6      Li   1.617037   8.085185  10.000000   3.055757  15.278785  18.897261  4.306497      1.859334     841.964188   3    -1.306497     4  Li-15    0.776718  2.800790  Li-16   -0.732496  2.800790   Li-3   -1.106841  3.234074   Li-7    0.771099  3.234074   Nucleophile
7          7      Li   4.851111   8.085185  10.000000   9.167271  15.278785  18.897261  2.228901      1.848039     151.345946   3     0.771099     4  Li-16   -0.732496  2.800790  Li-17    0.776214  2.800790   Li-4   -2.159638  3.234074   Li-8   -1.096598  3.234074  Electrophile
8          8      Li   8.085185   8.085185  10.000000  15.278785  15.278785  18.897261  4.096598      1.848041     936.987866   3    -1.096598     4  Li-17    0.776214  2.800790   Li-5   -0.202082  3.234074   Li-7    0.771099  3.234074  Li-26    0.783600  3.500737   Nucleophile
9          9      Li   0.000000   0.000000  11.617037   0.000000   0.000000  21.953018  2.225928      1.826336      37.798385   3     0.774072     3   Li-0   -0.275379  2.800790  Li-18    0.784489  2.933054  Li-12   -0.246639  3.234074  Li-10    0.776384  3.234074  Electrophile
10        10      Li   3.234074   0.000000  11.617037   6.111514   0.000000  21.953018  2.223616      1.835874      37.078951   3     0.776384     3   Li-1   -0.974409  2.800790   Li-0   -0.275379  2.800790  Li-18    0.784489  2.943208  Li-19    0.786108  2.988338  Electrophile
11        11      Li   6.468148   0.000000  11.617037  12.223028   0.000000  21.953018  4.296765      1.840635     783.763399   3    -1.296765     3   Li-1   -0.974409  2.800790   Li-2    0.766492  2.800790  Li-19    0.786108  2.964884  Li-20    0.807275  3.046581   Nucleophile
12        12      Li   0.000000   3.234074  11.617037   0.000000   6.111514  21.953018  3.246639      1.840637     416.788911   3    -0.246639     3   Li-3   -1.106841  2.800790   Li-0   -0.275379  2.800790  Li-21    0.786669  2.857604  Li-18    0.784489  3.012504   Nucleophile
13        13      Li   3.234074   3.234074  11.617037   6.111514   6.111514  21.953018  2.224057      1.835885      37.156692   3     0.775943     3   Li-1   -0.974409  2.800790   Li-3   -1.106841  2.800790   Li-3   -1.106841  2.800790   Li-4   -2.159638  2.800790  Electrophile
14        14      Li   6.468148   3.234074  11.617037  12.223028   6.111514  21.953018  2.225600      1.826331      37.736895   3     0.774400     3   Li-1   -0.974409  2.800790   Li-4   -2.159638  2.800790   Li-5   -0.202082  2.800790   Li-2    0.766492  2.800790  Electrophile
15        15      Li   0.000000   6.468148  11.617037   0.000000  12.223028  21.953018  2.223282      1.836378      37.226527   3     0.776718     3   Li-3   -1.106841  2.800790   Li-6   -1.306497  2.800790  Li-24    0.786381  2.946744  Li-21    0.786669  2.971192  Electrophile
16        16      Li   3.234074   6.468148  11.617037   6.111514  12.223028  21.953018  3.732496      1.833942     755.819676   3    -0.732496     3   Li-3   -1.106841  2.800790   Li-4   -2.159638  2.800790   Li-7    0.771099  2.800790   Li-6   -1.306497  2.800790   Nucleophile
17        17      Li   6.468148   6.468148  11.617037  12.223028  12.223028  21.953018  2.223786      1.835913      37.143076   3     0.776214     3   Li-4   -2.159638  2.800790   Li-5   -0.202082  2.800790   Li-5   -0.202082  2.800790   Li-8   -1.096598  2.800790  Electrophile
18        18      Li   1.744163   1.516005  13.567565   3.038325   2.917749  25.555309  2.215511      1.898846      37.881396   3     0.784489     2   Li-9    0.774072  2.933054  Li-10    0.776384  2.943208  Li-31    0.555295  2.975426  Li-12   -0.246639  3.012504  Electrophile
19        19      Li   4.949148   1.674391  13.481686   9.208064   3.149308  25.472028  2.213892      1.892935      36.798732   3     0.786108     2  Li-14    0.774400  2.910383  Li-13    0.775943  2.934273  Li-28   -1.325268  2.938101  Li-11   -1.296765  2.964884  Electrophile
20        20      Li   8.219650   1.640212  13.544113  15.359585   3.026516  25.714349  2.192725      1.399708      32.970097   3     0.807275     2  Li-29    0.807562  2.739680  Li-11   -1.296765  3.046581  Li-14    0.774400  3.062963  Li-32   -0.103244  3.094899  Electrophile
21        21      Li   1.626785   4.773899  13.487247   2.959306   8.973840  25.447381  2.213331      1.887345      35.914592   3     0.786669     2  Li-33   -2.367600  2.813929  Li-12   -0.246639  2.857604  Li-31    0.555295  2.889748  Li-13    0.775943  2.914796  Electrophile
22        22      Li   4.906630   4.901990  13.489510   9.147900   9.202997  25.405524  2.647187      1.884120     252.084686   3     0.352813     2  Li-16   -0.732496  2.910957  Li-34   -1.128946  2.915841  Li-17    0.776214  2.922323  Li-13    0.775943  2.931885  Electrophile
23        23      Li   8.072327   4.858691  13.456626  15.192802   9.114379  25.459016  2.214101      1.885390      36.726261   3     0.785899     2  Li-14    0.774400  2.904637  Li-17    0.776214  2.935635  Li-32   -0.103244  2.965776  Li-35    0.745510  3.096662  Electrophile
24        24      Li   1.731442   8.043061  13.435836   3.112259  15.233096  25.454727  2.213619      1.886136      36.495674   3     0.786381     2  Li-16   -0.732496  2.913744  Li-15    0.776718  2.946744  Li-34   -1.128946  2.962154  Li-33   -2.367600  3.060824  Electrophile
25        25      Li   4.937333   8.164217  13.479501   9.319255  15.429888  25.460348  2.213213      1.888452      35.971690   3     0.786787     2  Li-35    0.745510  2.879709  Li-17    0.776214  2.947152  Li-16   -0.732496  3.034125  Li-34   -1.128946  3.044469  Electrophile
26        26      Li   8.127600   8.111488  13.466201  15.381065  15.320722  25.511772  2.216400      1.890369      37.891498   3     0.783600     2  Li-35    0.745510  2.964056  Li-17    0.776214  3.004386  Li-25    0.786787  3.208407  Li-23    0.785899  3.285885  Electrophile
27        27      Li   0.305813  -0.269225  15.603088   0.294553  -0.346439  29.753132  2.150181      1.260997      31.384092   3     0.849819     1  Li-18    0.784489  3.166449  Li-30    0.812204  3.195082  Li-28   -1.325268  3.329197   Li-9    0.774072  4.134651  Electrophile
28        28      Li   3.699062  -0.092108  15.524186   6.547171  -0.103392  29.100607  4.325268      1.918954     838.877826   3    -1.325268     1  Li-19    0.786108  2.938101  Li-18    0.784489  3.085989  Li-29    0.807562  3.254753  Li-27    0.849819  3.329197   Nucleophile
29        29      Li   6.898226   0.356020  15.489405  12.659358   0.531989  29.359890  2.192438      1.329454      53.631199   3     0.807562     1  Li-20    0.807275  2.739680  Li-19    0.786108  3.080032  Li-32   -0.103244  3.103101  Li-28   -1.325268  3.254753  Electrophile
30        30      Li   0.030887   2.993986  15.520037  -0.413322   5.641623  29.441028  2.187796      1.322135      57.179176   3     0.812204     1  Li-18    0.784489  3.105155  Li-27    0.849819  3.195082  Li-33   -2.367600  3.257636  Li-21    0.786669  3.280365  Electrophile
31        31      Li   3.321231   3.272414  15.423084   5.900458   6.196223  29.115509  2.444705      1.917785     227.024409   3     0.555295     1  Li-21    0.786669  2.889748  Li-18    0.784489  2.975426  Li-22    0.352813  3.055996  Li-19    0.786108  3.062785  Electrophile
32        32      Li   6.601711   3.377637  15.457837  12.066206   6.363999  29.210054  3.103244      1.219605     466.783411   3    -0.103244     1  Li-22    0.352813  2.948750  Li-23    0.785899  2.965776  Li-19    0.786108  3.015662  Li-20    0.807275  3.094899   Nucleophile
33        33      Li   0.017562   6.266500  15.323660   0.082351  11.757777  28.947270  5.367600      2.936893     871.386747   3    -2.367600     1  Li-21    0.786669  2.813929  Li-24    0.786381  3.060824  Li-34   -1.128946  3.228815  Li-30    0.812204  3.257636   Nucleophile
34        34      Li   3.200578   6.447062  15.396356   6.171212  12.149596  28.985822  4.128946      1.915475     652.495278   3    -1.128946     1  Li-22    0.352813  2.915841  Li-24    0.786381  2.962154  Li-21    0.786669  3.036312  Li-25    0.786787  3.044469   Nucleophile
35        35      Li   6.386632   6.703759  15.450023  12.122781  12.514018  29.100649  2.254490      1.917934     156.729401   3     0.745510     1  Li-25    0.786787  2.879709  Li-26    0.783600  2.964056  Li-22    0.352813  3.061313  Li-23    0.785899  3.096662  Electrophile
36        36       O   9.912131   8.999818  17.556041  18.728209  17.056502  33.413487  9.138782      1.312613     181.046088   8    -1.138782     0   H-44    0.526803  0.967777   C-37    0.477739  1.447093   H-40    0.001654  2.024433   H-39   -0.019120  2.088803   Nucleophile
37        37       C   9.953150   8.082086  18.669883  19.335655  14.971412  35.075261  5.522261      0.845182      67.301320   6     0.477739     0   H-40    0.001654  1.091180   H-39   -0.019120  1.097284   O-36   -1.138782  1.447093   C-38    0.033300  1.519128  Electrophile
38        38       C  10.087253   8.839887  19.982898  19.785865  15.847317  37.771782  5.966700      1.174768     227.792156   6     0.033300     0   H-42    0.004633  1.091083   H-41   -0.005111  1.092206   H-43   -0.001848  1.092864   C-37    0.477739  1.519128  Electrophile
39        39       H   9.046696   7.461229  18.660844  17.824882  13.553516  34.992725  1.019120      0.661688     266.604688   1    -0.019120     0   C-37    0.477739  1.097284   H-40    0.001654  1.767919   O-36   -1.138782  2.088803   C-38    0.033300  2.170926   Nucleophile
40        40       H  10.805078   7.427303  18.469982  21.035556  14.127415  34.269050  0.998346      0.605289     126.567644   1     0.001654     0   C-37    0.477739  1.091180   H-39   -0.019120  1.767919   O-36   -1.138782  2.024433   C-38    0.033300  2.168266  Electrophile
41        41       H  10.084380   8.145763  20.823217  20.223928  14.230475  38.977559  1.005111      0.657767     748.270892   1    -0.005111     0   C-38    0.033300  1.092206   H-43   -0.001848  1.765647   H-42    0.004633  1.774299   C-37    0.477739  2.153819   Nucleophile
42        42       H  11.014923   9.417535  20.001762  21.359631  17.177077  37.850651  0.995367      0.654495     507.232018   1     0.004633     0   C-38    0.033300  1.091083   H-41   -0.005111  1.774299   H-43   -0.001848  1.774774   C-37    0.477739  2.160199  Electrophile
43        43       H   9.236448   9.517168  20.107366  18.102196  16.767399  38.535858  1.001848      0.618800     661.532561   1    -0.001848     0   C-38    0.033300  1.092864   H-41   -0.005111  1.765647   H-42    0.004633  1.774774   C-37    0.477739  2.163987   Nucleophile
44        44       H   9.175613   9.612329  17.700737  17.209113  17.864572  34.033168  0.473197      0.301918     118.353449   1     0.526803     0   O-36   -1.138782  0.967777   C-37    0.477739  1.978480   H-39   -0.019120  2.359746   H-43   -0.001848  2.497559  Electrophile
45        45       N   8.796533  10.879462  15.545294  16.144765  20.525679  29.647189  8.054942      1.115697     205.409332   7    -1.054942     0   N-46   -1.123380  1.257363   H-44    0.526803  2.772562   O-36   -1.138782  3.035022  Li-26    0.783600  3.541002   Nucleophile
46        46       N   7.943183  11.812803  15.580068  14.506151  22.242489  29.532179  8.123380      1.095332     415.369808   7    -1.123380     0   N-45   -1.054942  1.257363   H-44    0.526803  3.617462   O-36   -1.138782  4.091631  Li-26    0.783600  4.261109   Nucleophile