   ASE Index Element    X (Ang)    Y (Ang)    Z (Ang)   X (Bohr)   Y (Bohr)   Z (Bohr)    CHARGE  Min Distance  Atomic Volume  AN  Charge Gain  Charge Density    1NN  1NN charge  1NN dist    2NN  2NN charge  2NN dist    3NN  3NN charge  3NN dist    4NN  4NN charge  4NN dist  Tags         Class
0          0      Li   1.617037   1.617037  10.000000   3.055757   3.055757  18.897261  4.154960      1.847150     937.107219   3    -1.154960       -0.001232   Li-9    0.774813  2.800790  Li-10    0.776213  2.800790  Li-10    0.776213  2.800790  Li-13    0.776811  2.800790     4   Nucleophile
1          1      Li   4.851111   1.617037  10.000000   9.167271   3.055757  18.897261  3.256687      1.847148     545.988565   3    -0.256687       -0.000470  Li-10    0.776213  2.800790  Li-11   -0.294327  2.800790  Li-13    0.776811  2.800790  Li-14    0.775167  2.800790     4   Nucleophile
2          2      Li   8.085185   1.617037  10.000000  15.278785   3.055757  18.897261  2.232094      1.859445     168.478236   3     0.767906        0.004558  Li-11   -0.294327  2.800790  Li-14    0.775167  2.800790   Li-5   -1.092675  3.234074   Li-1   -0.256687  3.234074     4  Electrophile
3          3      Li   1.617037   4.851111  10.000000   3.055757   9.167271  18.897261  4.884097      1.847148    1242.367783   3    -1.884097       -0.001517  Li-12   -0.229231  2.800790  Li-13    0.776811  2.800790  Li-16    0.775588  2.800790  Li-15    0.776575  2.800790     4   Nucleophile
4          4      Li   4.851111   4.851111  10.000000   9.167271   9.167271  18.897261  5.023944      1.855282    1205.403621   3    -2.023944       -0.001679  Li-14    0.775167  2.800790  Li-16    0.775588  2.800790  Li-17    0.776364  2.800790  Li-13    0.776811  2.800790     4   Nucleophile
5          5      Li   8.085185   4.851111  10.000000  15.278785   9.167271  18.897261  4.092675      1.846164     927.579442   3    -1.092675       -0.001178  Li-14    0.775167  2.800790  Li-17    0.776364  2.800790   Li-2    0.767906  3.234074   Li-4   -2.023944  3.234074     4   Nucleophile
6          6      Li   1.617037   8.085185  10.000000   3.055757  15.278785  18.897261  5.041704      1.855275    1215.813428   3    -2.041704       -0.001679  Li-15    0.776575  2.800790  Li-16    0.775588  2.800790   Li-3   -1.884097  3.234074   Li-7   -0.241186  3.234074     4   Nucleophile
7          7      Li   4.851111   8.085185  10.000000   9.167271  15.278785  18.897261  3.241186      1.850322     513.466889   3    -0.241186       -0.000470  Li-16    0.775588  2.800790  Li-17    0.776364  2.800790   Li-4   -2.023944  3.234074   Li-8   -0.281485  3.234074     4   Nucleophile
8          8      Li   8.085185   8.085185  10.000000  15.278785  15.278785  18.897261  3.281485      1.847146     552.361238   3    -0.281485       -0.000510  Li-17    0.776364  2.800790   Li-5   -1.092675  3.234074   Li-5   -1.092675  3.234074  Li-26    0.786677  3.505364     4   Nucleophile
9          9      Li   0.000000   0.000000  11.617037   0.000000   0.000000  21.953018  2.225187      1.834412      37.643293   3     0.774813        0.020583   Li-0   -1.154960  2.800790  Li-18    0.785700  2.917219  Li-12   -0.229231  3.234074  Li-10    0.776213  3.234074     3  Electrophile
10        10      Li   3.234074   0.000000  11.617037   6.111514   0.000000  21.953018  2.223787      1.837304      36.839233   3     0.776213        0.021070   Li-1   -0.256687  2.800790   Li-0   -1.154960  2.800790  Li-18    0.785700  2.925420  Li-19    0.785285  2.982167     3  Electrophile
11        11      Li   6.468148   0.000000  11.617037  12.223028   0.000000  21.953018  3.294327      1.839816     410.058585   3    -0.294327       -0.000718   Li-1   -0.256687  2.800790   Li-2    0.767906  2.800790  Li-19    0.785285  2.955121  Li-20    0.806961  2.991863     3   Nucleophile
12        12      Li   0.000000   3.234074  11.617037   0.000000   6.111514  21.953018  3.229231      1.838183     408.400405   3    -0.229231       -0.000561   Li-3   -1.884097  2.800790   Li-0   -1.154960  2.800790  Li-21    0.183961  2.872453  Li-18    0.785700  2.986617     3   Nucleophile
13        13      Li   3.234074   3.234074  11.617037   6.111514   6.111514  21.953018  2.223189      1.834405      37.025740   3     0.776811        0.020980   Li-1   -0.256687  2.800790   Li-3   -1.884097  2.800790   Li-3   -1.884097  2.800790   Li-4   -2.023944  2.800790     3  Electrophile
14        14      Li   6.468148   3.234074  11.617037  12.223028   6.111514  21.953018  2.224833      1.833001      37.637977   3     0.775167        0.020595   Li-1   -0.256687  2.800790   Li-4   -2.023944  2.800790   Li-5   -1.092675  2.800790   Li-2    0.767906  2.800790     3  Electrophile
15        15      Li   0.000000   6.468148  11.617037   0.000000  12.223028  21.953018  2.223425      1.837292      37.001817   3     0.776575        0.020987   Li-3   -1.884097  2.800790   Li-6   -2.041704  2.800790  Li-21    0.183961  2.944107  Li-24    0.788395  2.962266     3  Electrophile
16        16      Li   3.234074   6.468148  11.617037   6.111514  12.223028  21.953018  2.224412      1.837288      38.026052   3     0.775588        0.020396   Li-3   -1.884097  2.800790   Li-4   -2.023944  2.800790   Li-7   -0.241186  2.800790   Li-6   -2.041704  2.800790     3  Electrophile
17        17      Li   6.468148   6.468148  11.617037  12.223028  12.223028  21.953018  2.223636      1.837300      36.892394   3     0.776364        0.021044   Li-4   -2.023944  2.800790   Li-5   -1.092675  2.800790   Li-7   -0.241186  2.800790   Li-8   -0.281485  2.800790     3  Electrophile
18        18      Li   1.617038   1.617038  13.469728   3.041759   2.936055  25.491047  2.214300      1.896287      37.196741   3     0.785700        0.021123   Li-9    0.774813  2.917219  Li-10    0.776213  2.925420  Li-31   -0.142497  2.967506  Li-12   -0.229231  2.986617     2  Electrophile
19        19      Li   4.851111   1.617038  13.469729   9.214186   3.097620  25.493753  2.214715      1.893779      37.148453   3     0.785285        0.021139  Li-14    0.775167  2.930777  Li-11   -0.294327  2.955121  Li-13    0.776811  2.958045  Li-28   -0.731750  2.971895     2  Electrophile
20        20      Li   8.085184   1.617038  13.469728  15.276539   3.033847  25.618714  2.193039      1.387419      32.513701   3     0.806961        0.024819  Li-29    0.815009  2.797632  Li-11   -0.294327  2.991863  Li-14    0.775167  3.004370  Li-32    0.808523  3.099054     2  Electrophile
21        21      Li   1.617038   4.851111  13.469729   2.938355   9.045506  25.449099  2.816039      1.887579     129.761977   3     0.183961        0.001418  Li-12   -0.229231  2.872453  Li-31   -0.142497  2.883186  Li-33   -1.533985  2.886732  Li-13    0.776811  2.941569     2  Electrophile
22        22      Li   4.851111   4.851111  13.469730   9.136798   9.252775  25.448004  3.689859      1.885653     554.106247   3    -0.689859       -0.001245  Li-16    0.775588  2.907571  Li-17    0.776364  2.925452  Li-32    0.808523  2.955589  Li-13    0.776811  2.957470     2   Nucleophile
23        23      Li   8.085184   4.851111  13.469729  15.203347   9.154619  25.472842  2.214629      1.892112      37.089976   3     0.785371        0.021175  Li-14    0.775167  2.924007  Li-17    0.776364  2.931403  Li-32    0.808523  2.999779  Li-35    0.233468  3.090250     2  Electrophile
24        24      Li   1.617038   8.085184  13.469728   3.147013  15.219896  25.481651  2.211605      1.889654      36.007707   3     0.788395        0.021895  Li-16    0.775588  2.909066  Li-34   -0.183657  2.953438  Li-15    0.776575  2.962266  Li-33   -1.533985  3.015871     2  Electrophile
25        25      Li   4.851111   8.085184  13.469729   9.316146  15.410921  25.506273  2.212766      1.889244      36.288574   3     0.787234        0.021694  Li-35    0.233468  2.894515  Li-17    0.776364  2.957634  Li-16    0.775588  3.042559  Li-34   -0.183657  3.078315     2  Electrophile
26        26      Li   8.085184   8.085184  13.469728  15.362139  15.323008  25.520767  2.213323      1.896950      37.271609   3     0.786677        0.021107  Li-35    0.233468  2.986664  Li-17    0.776364  3.002479  Li-25    0.787234  3.199749  Li-23    0.785371  3.265351     2  Electrophile
27        27      Li  -0.000000  -0.000000  15.445939   0.292664  -0.252816  29.427837  2.182439      1.225134      47.404979   3     0.817561        0.017246   N-45   -1.122147  1.836633  Li-18    0.785700  3.050226   N-46   -1.064072  3.091923  Li-30    0.490557  3.131694     1  Electrophile
28        28      Li   3.234074   0.000000  15.445939   6.415226  -0.093236  29.171317  3.731750      1.934039     728.778180   3    -0.731750       -0.001004  Li-19    0.785285  2.971895  Li-18    0.785700  3.090199  Li-27    0.817561  3.243862  Li-31   -0.142497  3.345476     1   Nucleophile
29        29      Li   6.468148   0.000000  15.445939  12.734901   0.476824  29.485434  2.184991      1.333021      59.328988   3     0.815009        0.013737  Li-20    0.806961  2.797632  Li-32    0.808523  3.117658  Li-19    0.785285  3.139476  Li-28   -0.731750  3.361918     1  Electrophile
30        30      Li   0.000000   3.234074  15.445939  -0.394124   5.623544  29.286597  2.509443      1.321669      88.174581   3     0.490557        0.005563   N-45   -1.122147  2.029913   N-46   -1.064072  2.035147   H-42   -0.032209  2.688932  Li-18    0.785700  3.059820     1  Electrophile
31        31      Li   3.234076   3.234076  15.445938   5.951993   6.209281  28.992997  3.142497      1.915296     292.719444   3    -0.142497       -0.000487  Li-21    0.183961  2.883186  Li-18    0.785700  2.967506  Li-22   -0.689859  2.992207  Li-19    0.785285  3.019977     1   Nucleophile
32        32      Li   6.468146   3.234076  15.445938  12.030570   6.320018  29.218957  2.191477      1.213924      58.364116   3     0.808523        0.013853  Li-22   -0.689859  2.955589  Li-23    0.785371  2.999779  Li-19    0.785285  3.002493  Li-20    0.806961  3.099054     1  Electrophile
33        33      Li   0.000000   6.468148  15.445939   0.088189  11.993228  29.047146  4.533985      3.092711     622.315334   3    -1.533985       -0.002465  Li-21    0.183961  2.886732  Li-24    0.788395  3.015871  Li-34   -0.183657  3.181216  Li-30    0.490557  3.382715     1   Nucleophile
34        34      Li   3.234076   6.468146  15.445938   6.095207  12.208956  29.141169  3.183657      1.921262     587.185227   3    -0.183657       -0.000313  Li-24    0.788395  2.953438  Li-22   -0.689859  2.976110  Li-21    0.183961  3.067609  Li-25    0.787234  3.078315     1   Nucleophile
35        35      Li   6.468146   6.468146  15.445938  12.128270  12.473736  29.164694  2.766532      1.925310     474.868470   3     0.233468        0.000492  Li-25    0.787234  2.894515  Li-26    0.786677  2.986664  Li-22   -0.689859  3.046208  Li-23    0.785371  3.090250     1  Electrophile
36        36       O   0.000000   1.617037  18.445939   0.392880   3.047107  35.902046  9.059815      1.317592     660.449924   8    -1.059815       -0.001605   H-44    0.518477  0.964804   C-37    0.511533  1.437297   H-40   -0.022444  2.015753   H-39   -0.011303  2.092147     0   Nucleophile
37        37       C   0.816757   2.799444  18.450238   1.753109   5.393055  35.748780  5.488467      0.848149      76.310379   6     0.511533        0.006703   H-40   -0.022444  1.094408   H-39   -0.011303  1.098329   O-36   -1.059815  1.437297   C-38    0.013054  1.523442     0  Electrophile
38        38       C  -0.002861   4.083659  18.435704   0.038693   7.694421  35.519667  5.986946      1.173373     147.174857   6     0.013054        0.000089   H-43   -0.024099  1.093170   H-41    0.000880  1.093491   H-42   -0.032209  1.093678   C-37    0.511533  1.523442     0  Electrophile
39        39       H   1.500293   2.790821  19.310398   3.022801   5.604217  37.377019  1.011303      0.645899     998.519232   1    -0.011303       -0.000011   C-37    0.511533  1.098329   H-40   -0.022444  1.765686   O-36   -1.059815  2.092147   C-38    0.013054  2.164044     0   Nucleophile
40        40       H   1.426483   2.724056  17.547442   2.939685   5.203753  34.065518  1.022444      0.626715      94.671740   1    -0.022444       -0.000237   C-37    0.511533  1.094408   H-39   -0.011303  1.765686   O-36   -1.059815  2.015753   C-38    0.013054  2.164699     0   Nucleophile
41        41       H   0.651085   4.960586  18.420269   1.166666   9.403478  35.242537  0.999120      0.617906     291.098920   1     0.000880        0.000003   C-38    0.013054  1.093491   H-43   -0.024099  1.766445   H-42   -0.032209  1.770630   C-37    0.511533  2.161460     0  Electrophile
42        42       H  -0.651884   4.118370  17.558886  -1.260314   7.516172  33.922084  1.032209      0.661354      91.602579   1    -0.032209       -0.000352   C-38    0.013054  1.093678   H-43   -0.024099  1.766538   H-41    0.000880  1.770630   C-37    0.511533  2.177046     0   Nucleophile
43        43       H  -0.631349   4.153847  19.328265  -1.094322   7.956822  37.226981  1.024099      0.655564    1018.819197   1    -0.024099       -0.000024   C-38    0.013054  1.093170   H-41    0.000880  1.766445   H-42   -0.032209  1.766538   C-37    0.511533  2.173228     0   Nucleophile
44        44       H  -0.582977   1.656204  19.214164  -0.642184   3.088138  37.402403  0.481523      0.321567     603.419705   1     0.518477        0.000859   O-36   -1.059815  0.964804   C-37    0.511533  1.964705   H-39   -0.011303  2.352514   H-43   -0.024099  2.589147     0  Electrophile
45        45       N   0.000000   1.617000  16.945939  -2.147153   2.215532  29.451158  8.122147      1.129612     209.253597   7    -1.122147       -0.005363   N-46   -1.064072  1.255319  Li-27    0.817561  1.836633  Li-30    0.490557  2.029913  Li-18    0.785700  3.475145     0   Nucleophile
46        46       N  -1.096622   1.617000  16.945939  -3.824626   3.892869  29.451316  8.064072      1.081593     263.394516   7    -1.064072       -0.004040   N-45   -1.122147  1.255319  Li-30    0.490557  2.035147  Li-27    0.817561  3.091923   H-42   -0.032209  3.333892     0   Nucleophile