   Atom                     Volume(s)
  ------------------------------------------------------------------------
     1   ...       3   30   35   38
     2   ...      67   71
     3   ...      79
     4   ...      18   36
     5   ...      44   59   68
     6   ...      19   75   80
     7   ...      24   37
     8   ...      47   58   69
     9   ...      25   28   81
    10   ...       2   29
    11   ...      49
    12   ...      73
    13   ...      15
    14   ...      50
    15   ...      74
    16   ...      21   23
    17   ...      52   56
    18   ...      72
    19   ...      34
    20   ...      62
    21   ...      76
    22   ...      32
    23   ...      65
    24   ...      77
    25   ...      33
    26   ...      66
    27   ...      78
    28   ...       4    5
    29   ...      41   43   45   48   53
    30   ...      60   64
    31   ...       9   14   17
    32   ...      42   46
    33   ...      61   63
    34   ...      20   22   27
    35   ...      31   39   40   51
    36   ...      57   70
    37   ...       6
    38   ...       1
    39   ...      12
    40   ...      10
    41   ...      16
    42   ...      54
    43   ...      26
    44   ...      13
    45   ...      11
    46   ...       7
    47   ...       8
    48   ...      55
  ------------------------------------------------------------------------
