   ASE Index Element    X (Ang)    Y (Ang)    Z (Ang)   X (Bohr)   Y (Bohr)   Z (Bohr)    CHARGE  Min Distance  Atomic Volume  AN  Charge Gain  Charge Density    1NN  1NN charge  1NN dist    2NN  2NN charge  2NN dist    3NN  3NN charge  3NN dist    4NN  4NN charge  4NN dist  Tags         Class
0          0      Li   1.617037   1.617037  10.000000   3.055757   3.055757  18.897261  5.403766      1.849199    1336.666067   3    -2.403766       -0.001798   Li-9   -0.215933  2.800790  Li-10    0.776375  2.800790  Li-12    0.775298  2.800790   Li-9   -0.215933  2.800790     4   Nucleophile
1          1      Li   4.851111   1.617037  10.000000   9.167271   3.055757  18.897261  3.130121      1.847154     530.346388   3    -0.130121       -0.000245  Li-10    0.776375  2.800790  Li-11    0.775017  2.800790  Li-14   -0.173125  2.800790  Li-13    0.776731  2.800790     4   Nucleophile
2          2      Li   8.085185   1.617037  10.000000  15.278785   3.055757  18.897261  2.231728      1.855275     165.125993   3     0.768272        0.004653  Li-11    0.775017  2.800790  Li-14   -0.173125  2.800790   Li-5   -1.084551  3.234074   Li-1   -0.130121  3.234074     4  Electrophile
3          3      Li   1.617037   4.851111  10.000000   3.055757   9.167271  18.897261  5.852774      3.215578    1559.900560   3    -2.852774       -0.001829  Li-12    0.775298  2.800790  Li-13    0.776731  2.800790  Li-13    0.776731  2.800790  Li-16    0.775484  2.800790     4   Nucleophile
4          4      Li   4.851111   4.851111  10.000000   9.167271   9.167271  18.897261  4.184621      1.853168     901.300638   3    -1.184621       -0.001314  Li-14   -0.173125  2.800790  Li-16    0.775484  2.800790  Li-16    0.775484  2.800790  Li-13    0.776731  2.800790     4   Nucleophile
5          5      Li   8.085185   4.851111  10.000000  15.278785   9.167271  18.897261  4.084551      1.847139     928.404766   3    -1.084551       -0.001168  Li-14   -0.173125  2.800790  Li-17    0.776320  2.800790   Li-2    0.768272  3.234074   Li-4   -1.184621  3.234074     4   Nucleophile
6          6      Li   1.617037   8.085185  10.000000   3.055757  15.278785  18.897261  3.026808      1.850324     524.531019   3    -0.026808       -0.000051  Li-15    0.776317  2.800790  Li-16    0.775484  2.800790   Li-3   -2.852774  3.234074   Li-7   -1.140097  3.234074     4   Nucleophile
7          7      Li   4.851111   8.085185  10.000000   9.167271  15.278785  18.897261  4.140097      1.859121     819.200142   3    -1.140097       -0.001392  Li-16    0.775484  2.800790  Li-17    0.776320  2.800790   Li-8   -0.394398  3.234074   Li-6   -0.026808  3.234074     4   Nucleophile
8          8      Li   8.085185   8.085185  10.000000  15.278785  15.278785  18.897261  3.394398      1.849189     568.107521   3    -0.394398       -0.000694  Li-17    0.776320  2.800790   Li-5   -1.084551  3.234074   Li-7   -1.140097  3.234074  Li-26    0.785138  3.535566     4   Nucleophile
9          9      Li   0.000000   0.000000  11.617037   0.000000   0.000000  21.953018  3.215933      1.837300     406.806018   3    -0.215933       -0.000531   Li-0   -2.403766  2.800790  Li-18    0.785124  2.989772  Li-12    0.775298  3.234074  Li-10    0.776375  3.234074     3   Nucleophile
10        10      Li   3.234074   0.000000  11.617037   6.111514   0.000000  21.953018  2.223625      1.837296      36.965048   3     0.776375        0.021003   Li-1   -0.130121  2.800790   Li-0   -2.403766  2.800790  Li-19    0.785075  2.934560  Li-18    0.785124  2.976676     3  Electrophile
11        11      Li   6.468148   0.000000  11.617037  12.223028   0.000000  21.953018  2.224983      1.834403      37.869227   3     0.775017        0.020466   Li-1   -0.130121  2.800790   Li-2    0.768272  2.800790  Li-19    0.785075  2.921254  Li-20    0.808048  3.012201     3  Electrophile
12        12      Li   0.000000   3.234074  11.617037   0.000000   6.111514  21.953018  2.224702      1.834417      38.141235   3     0.775298        0.020327   Li-3   -2.852774  2.800790   Li-0   -2.403766  2.800790  Li-18    0.785124  2.962001  Li-21    0.787777  3.015943     3  Electrophile
13        13      Li   3.234074   3.234074  11.617037   6.111514   6.111514  21.953018  2.223269      1.837292      37.163072   3     0.776731        0.020901   Li-1   -0.130121  2.800790   Li-3   -2.852774  2.800790   Li-0   -2.403766  2.800790   Li-4   -1.184621  2.800790     3  Electrophile
14        14      Li   6.468148   3.234074  11.617037  12.223028   6.111514  21.953018  3.173125      1.837296     402.944316   3    -0.173125       -0.000430   Li-1   -0.130121  2.800790   Li-4   -1.184621  2.800790   Li-5   -1.084551  2.800790   Li-2    0.768272  2.800790     3   Nucleophile
15        15      Li   0.000000   6.468148  11.617037   0.000000  12.223028  21.953018  2.223683      1.837292      37.043903   3     0.776317        0.020957   Li-3   -2.852774  2.800790   Li-6   -0.026808  2.800790  Li-21    0.787777  2.934821  Li-24    0.786885  2.986984     3  Electrophile
16        16      Li   3.234074   6.468148  11.617037   6.111514  12.223028  21.953018  2.224516      1.837288      37.910870   3     0.775484        0.020455   Li-3   -2.852774  2.800790   Li-4   -1.184621  2.800790   Li-6   -0.026808  2.800790   Li-7   -1.140097  2.800790     3  Electrophile
17        17      Li   6.468148   6.468148  11.617037  12.223028  12.223028  21.953018  2.223680      1.837300      36.921190   3     0.776320        0.021026   Li-4   -1.184621  2.800790   Li-5   -1.084551  2.800790   Li-7   -1.140097  2.800790   Li-8   -0.394398  2.800790     3  Electrophile
18        18      Li   1.617038   1.617038  13.469728   3.078585   3.104048  25.531847  2.214876      1.896199      37.650381   3     0.785124        0.020853  Li-13    0.776731  2.948782  Li-30   -1.007784  2.959338  Li-12    0.775298  2.962001  Li-10    0.776375  2.976676     2  Electrophile
19        19      Li   4.851111   1.617038  13.469729   9.190035   2.920514  25.523177  2.214925      1.897253      37.481595   3     0.785075        0.020946  Li-11    0.775017  2.921254  Li-10    0.776375  2.934560  Li-31    0.521696  2.957480  Li-14   -0.173125  2.999439     2  Electrophile
20        20      Li   8.085184   1.617038  13.469728  15.328276   2.989098  25.671118  2.191952      1.377137      32.669197   3     0.808048        0.024734  Li-32    0.814762  2.783271  Li-11    0.775017  3.012201  Li-14   -0.173125  3.049838  Li-29    0.810238  3.088833     2  Electrophile
21        21      Li   1.617038   4.851111  13.469729   3.164008   9.308308  25.453256  2.212223      1.885409      35.919548   3     0.787777        0.021932  Li-16    0.775484  2.871002  Li-30   -1.007784  2.879563  Li-15    0.776317  2.934821  Li-34   -0.914097  2.944633     2  Electrophile
22        22      Li   4.851111   4.851111  13.469730   9.300584   9.066358  25.475442  3.570679      1.884915     506.165671   3    -0.570679       -0.001127  Li-31    0.521696  2.857414  Li-14   -0.173125  2.882887  Li-35    0.536710  2.892874  Li-17    0.776320  2.942183     2   Nucleophile
23        23      Li   8.085184   4.851111  13.469729  15.362535   9.209358  25.508166  2.214129      1.895328      37.309708   3     0.785871        0.021063  Li-17    0.776320  2.973665  Li-35    0.536710  2.987812  Li-14   -0.173125  2.997789  Li-32    0.814762  3.095118     2  Electrophile
24        24      Li   1.617038   8.085184  13.469728   2.953352  15.427224  25.540795  2.213115      1.889842      36.597794   3     0.786885        0.021501  Li-33   -0.211342  2.874705  Li-15    0.776317  2.986984  Li-16    0.775484  3.045092  Li-34   -0.914097  3.066862     2  Electrophile
25        25      Li   4.851111   8.085184  13.469729   9.138740  15.203107  25.524448  2.211148      1.895158      36.259336   3     0.788852        0.021756  Li-16    0.775484  2.936818  Li-17    0.776320  2.953397  Li-34   -0.914097  2.975598  Li-35    0.536710  3.051526     2  Electrophile
26        26      Li   8.085184   8.085184  13.469728  15.230531  15.303695  25.578292  2.214862      1.902379      37.909098   3     0.785138        0.020711  Li-17    0.776320  2.978388  Li-35    0.536710  3.121039  Li-25    0.788852  3.224202  Li-23    0.785871  3.225954     2  Electrophile
27        27      Li  -0.000000  -0.000000  15.445939  -0.375095   0.638322  29.837824  2.171121      1.319258      47.276950   3     0.828879        0.017532   N-45   -1.125963  2.029030   N-46   -1.093486  2.034245  Li-30   -1.007784  3.109169  Li-18    0.785124  3.199188     1  Electrophile
28        28      Li   3.234074   0.000000  15.445939   5.925383  -0.125424  29.235384  4.390335      1.933744    1034.313852   3    -1.390335       -0.001344  Li-18    0.785124  3.005146  Li-19    0.785075  3.072701  Li-29    0.810238  3.276229  Li-27    0.828879  3.373573     1   Nucleophile
29        29      Li   6.468148   0.000000  15.445939  12.114941  -0.199871  29.355693  2.189762      1.225200      80.562371   3     0.810238        0.010057  Li-19    0.785075  3.038973  Li-20    0.808048  3.088833  Li-32    0.814762  3.130331  Li-28   -1.390335  3.276229     1  Electrophile
30        30      Li   0.000000   3.234074  15.445939   0.292404   6.424439  29.065464  4.007784      1.211078     362.118452   3    -1.007784       -0.002783   N-46   -1.093486  1.834616   H-42   -0.024097  2.846763  Li-21    0.787777  2.879563  Li-18    0.785124  2.959338     1   Nucleophile
31        31      Li   3.234076   3.234076  15.445938   6.481872   6.240254  29.112074  2.478304      1.920189     125.490935   3     0.521696        0.004157  Li-22   -0.570679  2.857414  Li-19    0.785075  2.957480  Li-21    0.787777  3.076888  Li-18    0.785124  3.096305     1  Electrophile
32        32      Li   6.468146   3.234076  15.445938  12.705963   5.685992  29.347233  2.185238      1.320854      49.471169   3     0.814762        0.016469  Li-20    0.808048  2.783271  Li-23    0.785871  3.095118  Li-19    0.785075  3.114199  Li-29    0.810238  3.130331     1  Electrophile
33        33      Li   0.000000   6.468148  15.445939   0.109636  12.598814  29.204728  3.211342      1.924038     362.592913   3    -0.211342       -0.000583  Li-24    0.786885  2.874705  Li-21    0.787777  3.096033  Li-34   -0.914097  3.177978  Li-30   -1.007784  3.269600     1   Nucleophile
34        34      Li   3.234076   6.468146  15.445938   6.102213  12.205349  29.186662  3.914097      1.925273     771.395570   3    -0.914097       -0.001185  Li-21    0.787777  2.944633  Li-25    0.788852  2.975598  Li-24    0.786885  3.066862  Li-22   -0.570679  3.079065     1   Nucleophile
35        35      Li   6.468146   6.468146  15.445938  12.081640  11.906035  29.228734  2.463290      1.915317     227.223339   3     0.536710        0.002362  Li-22   -0.570679  2.892874  Li-23    0.785871  2.987812  Li-25    0.788852  3.051526  Li-26    0.785138  3.121039     1  Electrophile
36        36       O   0.000000   1.617037  18.445939   0.645969   3.045733  35.645765  9.075371      1.318879     571.561213   8    -1.075371       -0.001881   H-44    0.526172  0.965279   C-37    0.504494  1.439684   H-40   -0.022044  2.013570   H-39   -0.007290  2.089838     0   Nucleophile
37        37       C   0.816757   2.799444  18.450238   1.933692   5.436625  35.810424  5.495506      0.850380      77.327968   6     0.504494        0.006524   H-40   -0.022044  1.092657   H-39   -0.007290  1.098051   O-36   -1.075371  1.439684   C-38    0.015916  1.523798     0  Electrophile
38        38       C  -0.002861   4.083659  18.435704   0.157124   7.702424  35.767599  5.984084      1.193465     159.466563   6     0.015916        0.000100   H-42   -0.024097  1.092652   H-43   -0.016154  1.094046   H-41   -0.006666  1.094431   C-37    0.504494  1.523798     0  Electrophile
39        39       H   1.500293   2.790821  19.310398   3.137922   5.484988  37.499560  1.007290      0.650816    1018.987540   1    -0.007290       -0.000007   C-37    0.504494  1.098051   H-40   -0.022044  1.765452   O-36   -1.075371  2.089838   C-38    0.015916  2.169102     0   Nucleophile
40        40       H   1.426483   2.724056  17.547442   3.178929   5.467750  34.163636  1.022044      0.623031      97.077717   1    -0.022044       -0.000227   C-37    0.504494  1.092657   H-39   -0.007290  1.765452   O-36   -1.075371  2.013570   C-38    0.015916  2.162372     0   Nucleophile
41        41       H   0.651085   4.960586  18.420269   1.240274   9.461693  35.672194  1.006666      0.648919     356.231759   1    -0.006666       -0.000019   C-38    0.015916  1.094431   H-43   -0.016154  1.767877   H-42   -0.024097  1.768441   C-37    0.504494  2.162588     0   Nucleophile
42        42       H  -0.651884   4.118370  17.558886  -1.088529   7.633425  34.122290  1.024097      0.654337      93.503970   1    -0.024097       -0.000258   C-38    0.015916  1.092652   H-41   -0.006666  1.768441   H-43   -0.016154  1.772512   C-37    0.504494  2.169597     0   Nucleophile
43        43       H  -0.631349   4.153847  19.328265  -1.016511   7.775644  37.468057  1.016154      0.644177    1039.159476   1    -0.016154       -0.000016   C-38    0.015916  1.094046   H-41   -0.006666  1.767877   H-42   -0.024097  1.772512   C-37    0.504494  2.176871     0   Nucleophile
44        44       H  -0.582977   1.656204  19.214164  -0.477657   2.914850  37.076752  0.473828      0.285272     534.686539   1     0.526172        0.000984   O-36   -1.075371  0.965279   C-37    0.504494  1.964206   H-39   -0.007290  2.358064   H-43   -0.016154  2.596249     0  Electrophile
45        45       N   0.000000   1.617000  16.945939  -3.816438   2.299957  29.524655  8.125963      1.095421     352.178677   7    -1.125963       -0.003197   N-46   -1.093486  1.257292  Li-27    0.828879  2.029030  Li-30   -1.007784  3.090358   H-42   -0.024097  3.996098     0   Nucleophile
46        46       N   0.000000   2.713622  16.945939  -2.171401   4.010978  29.418193  8.093486      1.086407     175.393594   7    -1.093486       -0.006234   N-45   -1.125963  1.257292  Li-30   -1.007784  1.834616  Li-27    0.828879  2.034245   H-42   -0.024097  3.193674     0   Nucleophile