   Atom                     Volume(s)
  ------------------------------------------------------------------------
     1   ...       3   31
     2   ...      40   61   72
     3   ...      82
     4   ...      18   32
     5   ...      41   55   62
     6   ...      79   83
     7   ...      25   26   27   34
     8   ...      46   63
     9   ...       2   70   84
    10   ...       4
    11   ...      48
    12   ...      54   75
    13   ...      14   15
    14   ...      49
    15   ...      69   76
    16   ...      22
    17   ...      50   52
    18   ...      23   77
    19   ...      29
    20   ...      60
    21   ...      80
    22   ...      16   30
    23   ...      59   68
    24   ...      81
    25   ...      33
    26   ...      64
    27   ...      85
    28   ...       6
    29   ...       5   36   51   56
    30   ...      74
    31   ...      17
    32   ...      35   45
    33   ...      53   67
    34   ...      21   24
    35   ...      28   37   38   39   42   43   44   47   57   58
    36   ...      71   73   78
    37   ...      10
    38   ...      19
    39   ...       9
    40   ...      13
    41   ...      11
    42   ...       8
    43   ...      20
    44   ...      12
    45   ...       1
    46   ...      65
    47   ...       7
    48   ...      66
  ------------------------------------------------------------------------
