   Atom                     Volume(s)
  ------------------------------------------------------------------------
     1   ...       6   30
     2   ...      38   57   64
     3   ...      78
     4   ...      17   18   31   42
     5   ...      58
     6   ...      19   79
     7   ...      26   32   40
     8   ...      52   59   63
     9   ...      24   74   80
    10   ...       2    3
    11   ...       7   45
    12   ...      53   71
    13   ...      14
    14   ...      46
    15   ...      51   61   72
    16   ...      22
    17   ...      47
    18   ...      73
    19   ...      29
    20   ...      56
    21   ...      76
    22   ...      21   33
    23   ...      60
    24   ...      81
    25   ...      28
    26   ...      50   55
    27   ...      77
    28   ...       4    5
    29   ...      37   43
    30   ...      62   66
    31   ...      15   16
    32   ...      35   36   48   54
    33   ...      70
    34   ...      23   25
    35   ...      27   39   41   44   49
    36   ...      65   69   75
    37   ...       1
    38   ...       8
    39   ...      12
    40   ...      34
    41   ...       9
    42   ...      20
    43   ...      13
    44   ...      11
    45   ...      68
    46   ...      67
    47   ...      10
  ------------------------------------------------------------------------
