   ASE Index Element    X (Ang)    Y (Ang)    Z (Ang)   X (Bohr)   Y (Bohr)   Z (Bohr)    CHARGE  Min Distance  Atomic Volume  AN  Charge Gain  Charge Density    1NN  1NN charge  1NN dist    2NN  2NN charge  2NN dist    3NN  3NN charge  3NN dist    4NN  4NN charge  4NN dist  Tags         Class
0          0      Li   1.617037   1.617037  10.000000   3.055757   3.055757  18.897261  3.220653      1.847155     535.557936   3    -0.220653       -0.000412   Li-9   -0.170823  2.800790  Li-10   -0.181670  2.800790  Li-12    0.775117  2.800790   Li-9   -0.170823  2.800790     4   Nucleophile
1          1      Li   4.851111   1.617037  10.000000   9.167271   3.055757  18.897261  4.247178      1.847154     958.433634   3    -1.247178       -0.001301  Li-10   -0.181670  2.800790  Li-11   -0.155332  2.800790  Li-14   -1.272375  2.800790  Li-13    0.776253  2.800790     4   Nucleophile
2          2      Li   8.085185   1.617037  10.000000  15.278785   3.055757  18.897261  2.231751      1.859447     164.678997   3     0.768249        0.004665  Li-11   -0.155332  2.800790  Li-14   -1.272375  2.800790   Li-5   -0.198270  3.234074   Li-1   -1.247178  3.234074     4  Electrophile
3          3      Li   1.617037   4.851111  10.000000   3.055757   9.167271  18.897261  5.000871      1.855296    1204.068837   3    -2.000871       -0.001662  Li-12    0.775117  2.800790  Li-13    0.776253  2.800790  Li-16    0.775564  2.800790  Li-15    0.776439  2.800790     4   Nucleophile
4          4      Li   4.851111   4.851111  10.000000   9.167271   9.167271  18.897261  2.229572      1.850301     152.994656   3     0.770428        0.005036  Li-14   -1.272375  2.800790  Li-16    0.775564  2.800790  Li-16    0.775564  2.800790  Li-13    0.776253  2.800790     4  Electrophile
5          5      Li   8.085185   4.851111  10.000000  15.278785   9.167271  18.897261  3.198270      1.847139     538.515459   3    -0.198270       -0.000368  Li-14   -1.272375  2.800790  Li-17    0.776171  2.800790   Li-2    0.768249  3.234074   Li-4    0.770428  3.234074     4   Nucleophile
6          6      Li   1.617037   8.085185  10.000000   3.055757  15.278785  18.897261  4.015243      1.850305     901.348483   3    -1.015243       -0.001126  Li-15    0.776439  2.800790  Li-16    0.775564  2.800790   Li-3   -2.000871  3.234074   Li-7   -1.076814  3.234074     4   Nucleophile
7          7      Li   4.851111   8.085185  10.000000   9.167271  15.278785  18.897261  4.076814      1.853478     859.552874   3    -1.076814       -0.001253  Li-16    0.775564  2.800790  Li-17    0.776171  2.800790   Li-6   -1.015243  3.234074   Li-8   -1.300450  3.234074     4   Nucleophile
8          8      Li   8.085185   8.085185  10.000000  15.278785  15.278785  18.897261  4.300450      1.847146     959.350218   3    -1.300450       -0.001356  Li-17    0.776171  2.800790   Li-5   -0.198270  3.234074   Li-7   -1.076814  3.234074  Li-26    0.785674  3.510035     4   Nucleophile
9          9      Li   0.000000   0.000000  11.617037   0.000000   0.000000  21.953018  3.170823      1.837300     399.895090   3    -0.170823       -0.000427   Li-0   -0.220653  2.800790  Li-18    0.785167  3.004677  Li-12    0.775117  3.234074  Li-10   -0.181670  3.234074     3   Nucleophile
10        10      Li   3.234074   0.000000  11.617037   6.111514   0.000000  21.953018  3.181670      1.837304     403.844509   3    -0.181670       -0.000450   Li-1   -1.247178  2.800790   Li-0   -0.220653  2.800790  Li-19    0.785496  2.940317  Li-18    0.785167  2.991993     3   Nucleophile
11        11      Li   6.468148   0.000000  11.617037  12.223028   0.000000  21.953018  3.155332      1.834406     380.579047   3    -0.155332       -0.000408   Li-1   -1.247178  2.800790   Li-2    0.768249  2.800790  Li-19    0.785496  2.923996  Li-20    0.806500  3.008687     3   Nucleophile
12        12      Li   0.000000   3.234074  11.617037   0.000000   6.111514  21.953018  2.224883      1.834416      37.952513   3     0.775117        0.020423   Li-3   -2.000871  2.800790   Li-0   -0.220653  2.800790  Li-18    0.785167  2.945569  Li-21    0.344539  3.003353     3  Electrophile
13        13      Li   3.234074   3.234074  11.617037   6.111514   6.111514  21.953018  2.223747      1.837292      37.028841   3     0.776253        0.020963   Li-1   -1.247178  2.800790   Li-3   -2.000871  2.800790   Li-0   -0.220653  2.800790   Li-4    0.770428  2.800790     3  Electrophile
14        14      Li   6.468148   3.234074  11.617037  12.223028   6.111514  21.953018  4.272375      1.839821     773.304049   3    -1.272375       -0.001645   Li-1   -1.247178  2.800790   Li-4    0.770428  2.800790   Li-5   -0.198270  2.800790   Li-2    0.768249  2.800790     3   Nucleophile
15        15      Li   0.000000   6.468148  11.617037   0.000000  12.223028  21.953018  2.223561      1.837292      37.189653   3     0.776439        0.020878   Li-3   -2.000871  2.800790   Li-6   -1.015243  2.800790  Li-21    0.344539  2.967615  Li-24    0.787940  2.968476     3  Electrophile
16        16      Li   3.234074   6.468148  11.617037   6.111514  12.223028  21.953018  2.224436      1.837288      38.000358   3     0.775564        0.020409   Li-3   -2.000871  2.800790   Li-4    0.770428  2.800790   Li-6   -1.015243  2.800790   Li-7   -1.076814  2.800790     3  Electrophile
17        17      Li   6.468148   6.468148  11.617037  12.223028  12.223028  21.953018  2.223829      1.837300      36.995172   3     0.776171        0.020980   Li-4    0.770428  2.800790   Li-5   -0.198270  2.800790   Li-5   -0.198270  2.800790   Li-8   -1.300450  2.800790     3  Electrophile
18        18      Li   1.617038   1.617038  13.469728   3.077979   3.158511  25.529291  2.214833      1.898544      37.396538   3     0.785167        0.020996  Li-13    0.776253  2.932630  Li-12    0.775117  2.945569  Li-30    0.400608  2.982162  Li-10   -0.181670  2.991993     2  Electrophile
19        19      Li   4.851111   1.617038  13.469729   9.195234   2.945592  25.514994  2.214504      1.898379      37.443054   3     0.785496        0.020978  Li-11   -0.155332  2.923996  Li-10   -0.181670  2.940317  Li-31   -0.698312  2.970949  Li-14   -1.272375  2.987779     2  Electrophile
20        20      Li   8.085184   1.617038  13.469728  15.296271   3.019237  25.663191  2.193500      1.395951      32.719257   3     0.806500        0.024649  Li-32    0.815138  2.768776  Li-11   -0.155332  3.008687  Li-14   -1.272375  3.029390  Li-29   -0.063565  3.110819     2  Electrophile
21        21      Li   1.617038   4.851111  13.469729   3.158109   9.229615  25.490710  2.655461      1.888946     135.082948   3     0.344539        0.002551  Li-16    0.775564  2.907990  Li-13    0.776253  2.944452  Li-30    0.400608  2.949263  Li-34   -1.336715  2.958846     2  Electrophile
22        22      Li   4.851111   4.851111  13.469730   9.315516   9.039369  25.495187  2.212399      1.887268      36.240729   3     0.787601        0.021732  Li-31   -0.698312  2.873646  Li-14   -1.272375  2.877718  Li-35   -0.046022  2.885144  Li-17    0.776171  2.952803     2  Electrophile
23        23      Li   8.085184   4.851111  13.469729  15.366489   9.143233  25.511018  2.214293      1.895997      37.408056   3     0.785707        0.021004  Li-35   -0.046022  2.978528  Li-14   -1.272375  2.980918  Li-17    0.776171  2.994687  Li-32    0.815138  3.153242     2  Electrophile
24        24      Li   1.617038   8.085184  13.469728   2.970947  15.392733  25.501840  2.212060      1.891260      36.155229   3     0.787940        0.021793  Li-33    0.499505  2.904474  Li-15    0.776439  2.968476  Li-16    0.775564  3.016975  Li-34   -1.336715  3.066300     2  Electrophile
25        25      Li   4.851111   8.085184  13.469729   9.110437  15.161703  25.501973  2.668815      1.891863     224.180316   3     0.331185        0.001477  Li-16    0.775564  2.909244  Li-17    0.776171  2.942488  Li-34   -1.336715  2.966147  Li-35   -0.046022  3.083332     2  Electrophile
26        26      Li   8.085184   8.085184  13.469728  15.192895  15.263136  25.529692  2.214326      1.900096      37.311037   3     0.785674        0.021057  Li-17    0.776171  2.939434  Li-35   -0.046022  3.120938  Li-25    0.331185  3.219179  Li-23    0.785707  3.239831     2  Electrophile
27        27      Li  -0.000000  -0.000000  15.445939  -0.389800   0.388543  29.313184  3.538839      1.325885     296.515138   3    -0.538839       -0.001817  Li-18    0.785167  3.086335  Li-30    0.400608  3.153463  Li-28    0.520231  3.330079   Li-9   -0.170823  3.905706     1   Nucleophile
28        28      Li   3.234074   0.000000  15.445939   5.882434  -0.109182  29.201762  2.479769      1.920357     128.678822   3     0.520231        0.004043  Li-18    0.785167  2.994873  Li-19    0.785496  3.081000  Li-29   -0.063565  3.264861  Li-27   -0.538839  3.330079     1  Electrophile
29        29      Li   6.468148   0.000000  15.445939  12.048761  -0.302768  29.265391  3.063565      1.219522     449.224054   3    -0.063565       -0.000141  Li-19    0.785496  3.028814  Li-20    0.806500  3.110819  Li-32    0.815138  3.117389  Li-28    0.520231  3.264861     1   Nucleophile
30        30      Li   0.000000   3.234074  15.445939   0.248297   6.313061  29.244157  2.599392      1.214500     107.736052   3     0.400608        0.003718  Li-21    0.344539  2.949263  Li-18    0.785167  2.982162  Li-27   -0.538839  3.153463  Li-33    0.499505  3.269530     1  Electrophile
31        31      Li   3.234076   3.234076  15.445938   6.481445   6.225794  29.175015  3.698312      1.924663     535.205745   3    -0.698312       -0.001305  Li-22    0.787601  2.873646  Li-19    0.785496  2.970949  Li-21    0.344539  3.069301  Li-18    0.785167  3.098427     1   Nucleophile
32        32      Li   6.468146   3.234076  15.445938  12.743715   5.543545  29.469574  2.184862      1.331922      52.357811   3     0.815138        0.015569  Li-20    0.806500  2.768776  Li-29   -0.063565  3.117389  Li-19    0.785496  3.129750  Li-23    0.785707  3.153242     1  Electrophile
33        33      Li   0.000000   6.468148  15.445939   0.109352  12.489653  29.177271  2.500495      1.918388     174.670161   3     0.499505        0.002860  Li-24    0.787940  2.904474  Li-21    0.344539  3.063452  Li-34   -1.336715  3.174061  Li-30    0.400608  3.269530     1  Electrophile
34        34      Li   3.234076   6.468146  15.445938   6.100867  12.209135  29.195638  4.336715      3.442004     923.089997   3    -1.336715       -0.001448  Li-21    0.344539  2.958846  Li-25    0.331185  2.966147  Li-24    0.787940  3.066300  Li-22    0.787601  3.088996     1   Nucleophile
35        35      Li   6.468146   6.468146  15.445938  12.122338  11.848875  29.230715  3.046022      1.931173     489.408442   3    -0.046022       -0.000094  Li-22    0.787601  2.885144  Li-23    0.785707  2.978528  Li-25    0.331185  3.083332  Li-26    0.785674  3.120938     1   Nucleophile
36        36       O   9.702222   9.702222  18.445939  18.919459  18.793766  36.798971  9.051794      1.302909    1334.508617   8    -1.051794       -0.000788   H-44    0.505824  0.966295   C-37    0.498574  1.435410   H-39    0.012848  2.017750   H-40   -0.039882  2.086242     0   Nucleophile
37        37       C  10.518979  10.884630  18.450238  20.232161  21.056351  36.081089  5.501426      0.839697      72.001238   6     0.498574        0.006925   H-39    0.012848  1.091679   H-40   -0.039882  1.100873   O-36   -1.051794  1.435410   C-38    0.025136  1.521986     0  Electrophile
38        38       C   9.699361  12.168844  18.435704  18.592846  23.414413  36.237130  5.974864      1.173759     154.287354   6     0.025136        0.000163   H-43    0.003357  1.091082   H-41   -0.016271  1.093764   H-42   -0.017663  1.094161   C-37    0.498574  1.521986     0  Electrophile
39        39       H  11.202515  10.876006  19.310398  21.827328  21.190191  37.382392  0.987152      0.629306     776.146390   1     0.012848        0.000017   C-37    0.498574  1.091679   H-40   -0.039882  1.765640   O-36   -1.051794  2.017750   C-38    0.025136  2.163854     0  Electrophile
40        40       H  11.128705  10.809241  17.547442  21.014101  20.846995  34.164687  1.039882      0.642756      87.118893   1    -0.039882       -0.000458   C-37    0.498574  1.100873   H-39    0.012848  1.765640   O-36   -1.051794  2.086242   C-38    0.025136  2.165695     0   Nucleophile
41        41       H  10.353307  13.045771  18.420269  19.679680  25.088078  35.698828  1.016271      0.636960     266.765808   1    -0.016271       -0.000061   C-38    0.025136  1.093764   H-42   -0.017663  1.766108   H-43    0.003357  1.769234   C-37    0.498574  2.162916     0   Nucleophile
42        42       H   9.050338  12.203555  17.558886  16.986882  23.266967  34.943154  1.017663      0.665740     124.314748   1    -0.017663       -0.000142   C-38    0.025136  1.094161   H-41   -0.016271  1.766108   H-43    0.003357  1.776225   C-37    0.498574  2.163394     0   Nucleophile
43        43       H   9.070873  12.239032  19.328265  17.878459  23.700453  38.149992  0.996643      0.656990    1163.615986   1     0.003357        0.000003   C-38    0.025136  1.091082   H-41   -0.016271  1.769234   H-42   -0.017663  1.776225   C-37    0.498574  2.169727     0  Electrophile
44        44       H   9.119245   9.741389  19.214164  17.353491  18.722402  35.862461  0.494176      0.299794     105.615814   1     0.505824        0.004789   O-36   -1.051794  0.966295   C-37    0.498574  1.964513   H-40   -0.039882  2.413210   H-42   -0.017663  2.461249     0  Electrophile
45        45       N   9.702000   9.702000  16.945939  14.523984  20.448707  29.503865  8.108645      1.092064     282.810237   7    -1.108645       -0.003920   N-46   -1.141911  1.260164  Li-26    0.785674  3.475354   H-42   -0.017663  3.493945   H-44    0.505824  3.794536     0   Nucleophile
46        46       N   9.702000  10.798622  16.945939  16.192472  22.147838  29.506262  8.141911      1.129094     182.032072   7    -1.141911       -0.006273   N-45   -1.108645  1.260164   H-42   -0.017663  2.967327   H-40   -0.039882  3.613983   C-38    0.025136  3.840477     0   Nucleophile