   ASE Index Element    X (Ang)    Y (Ang)    Z (Ang)   X (Bohr)   Y (Bohr)   Z (Bohr)    CHARGE  Min Distance  Atomic Volume  AN  Charge Gain  Charge Density    1NN  1NN charge  1NN dist    2NN  2NN charge  2NN dist    3NN  3NN charge  3NN dist    4NN  4NN charge  4NN dist  Tags         Class
0          0      Li   1.617037   1.617037  10.000000   3.055757   3.055757  18.897261  2.258991      1.887706     175.207167   3     0.741009        0.004229   Li-9   -2.793935  2.800790  Li-10    0.730004  2.800790  Li-13    0.732296  2.800790  Li-12   -0.061985  2.800790     4  Electrophile
1          1      Li   4.851111   1.617037  10.000000   9.167271   3.055757  18.897261  3.900228      1.887715     877.070186   3    -0.900228       -0.001026  Li-10    0.730004  2.800790  Li-11    0.729176  2.800790  Li-14   -1.010614  2.800790  Li-11    0.729176  2.800790     4   Nucleophile
2          2      Li   8.085185   1.617037  10.000000  15.278785   3.055757  18.897261  2.259133      1.893760     176.345612   3     0.740867        0.004201  Li-11    0.729176  2.800790  Li-14   -1.010614  2.800790   Li-5   -0.100512  3.234074   Li-1   -0.900228  3.234074     4  Electrophile
3          3      Li   1.617037   4.851111  10.000000   3.055757   9.167271  18.897261  3.898940      1.893762     913.467475   3    -0.898940       -0.000984  Li-12   -0.061985  2.800790  Li-13    0.732296  2.800790  Li-13    0.732296  2.800790  Li-12   -0.061985  2.800790     4   Nucleophile
4          4      Li   4.851111   4.851111  10.000000   9.167271   9.167271  18.897261  2.253838      1.887700     150.368254   3     0.746162        0.004962  Li-14   -1.010614  2.800790  Li-16   -0.140709  2.800790  Li-14   -1.010614  2.800790  Li-13    0.732296  2.800790     4  Electrophile
5          5      Li   8.085185   4.851111  10.000000  15.278785   9.167271  18.897261  3.100512      1.893751     525.659713   3    -0.100512       -0.000191  Li-14   -1.010614  2.800790  Li-17   -0.135438  2.800790   Li-4    0.746162  3.234074   Li-2    0.740867  3.234074     4   Nucleophile
6          6      Li   1.617037   8.085185  10.000000   3.055757  15.278785  18.897261  2.259428      1.893760     177.858267   3     0.740572        0.004164  Li-15   -0.095720  2.800790  Li-16   -0.140709  2.800790   Li-7   -1.674669  3.234074   Li-3   -0.898940  3.234074     4  Electrophile
7          7      Li   4.851111   8.085185  10.000000   9.167271  15.278785  18.897261  4.674669      1.893751    1189.445885   3    -1.674669       -0.001408  Li-16   -0.140709  2.800790  Li-17   -0.135438  2.800790   Li-4    0.746162  3.234074   Li-8    0.742199  3.234074     4   Nucleophile
8          8      Li   8.085185   8.085185  10.000000  15.278785  15.278785  18.897261  2.257801      1.887726     166.628863   3     0.742199        0.004454  Li-17   -0.135438  2.800790   Li-5   -0.100512  3.234074   Li-7   -1.674669  3.234074  Li-26    0.748295  3.509027     4  Electrophile
9          9      Li   0.000000   0.000000  11.617037   0.000000   0.000000  21.953018  5.793935      2.731934    1424.838214   3    -2.793935       -0.001961   Li-0    0.741009  2.800790  Li-18    0.749669  2.953330  Li-10    0.730004  3.234074  Li-12   -0.061985  3.234074     3   Nucleophile
10        10      Li   3.234074   0.000000  11.617037   6.111514   0.000000  21.953018  2.269996      1.876417      51.960426   3     0.730004        0.014049   Li-1   -0.900228  2.800790   Li-0    0.741009  2.800790  Li-18    0.749669  2.962829  Li-19    0.757712  2.964569     3  Electrophile
11        11      Li   6.468148   0.000000  11.617037  12.223028   0.000000  21.953018  2.270824      1.876405      52.913961   3     0.729176        0.013780   Li-1   -0.900228  2.800790   Li-2    0.740867  2.800790  Li-19    0.757712  2.952348  Li-20    0.751402  2.987681     3  Electrophile
12        12      Li   0.000000   3.234074  11.617037   0.000000   6.111514  21.953018  3.061985      1.876417     381.981579   3    -0.061985       -0.000162   Li-3   -0.898940  2.800790   Li-0    0.741009  2.800790  Li-21    0.758401  2.941625  Li-18    0.749669  2.998378     3   Nucleophile
13        13      Li   3.234074   3.234074  11.617037   6.111514   6.111514  21.953018  2.267704      1.876413      49.363788   3     0.732296        0.014835   Li-1   -0.900228  2.800790   Li-3   -0.898940  2.800790   Li-1   -0.900228  2.800790   Li-4    0.746162  2.800790     3  Electrophile
14        14      Li   6.468148   3.234074  11.617037  12.223028   6.111514  21.953018  4.010614      1.879532     713.475419   3    -1.010614       -0.001416   Li-1   -0.900228  2.800790   Li-4    0.746162  2.800790   Li-2    0.740867  2.800790   Li-5   -0.100512  2.800790     3   Nucleophile
15        15      Li   0.000000   6.468148  11.617037   0.000000  12.223028  21.953018  3.095720      1.876405     404.245815   3    -0.095720       -0.000237   Li-3   -0.898940  2.800790   Li-6    0.740572  2.800790  Li-21    0.758401  2.974924  Li-24    0.753373  2.984734     3   Nucleophile
16        16      Li   3.234074   6.468148  11.617037   6.111514  12.223028  21.953018  3.140709      1.876409     390.216856   3    -0.140709       -0.000361   Li-3   -0.898940  2.800790   Li-4    0.746162  2.800790   Li-6    0.740572  2.800790   Li-7   -1.674669  2.800790     3   Nucleophile
17        17      Li   6.468148   6.468148  11.617037  12.223028  12.223028  21.953018  3.135438      1.876397     379.393725   3    -0.135438       -0.000357   Li-4    0.746162  2.800790   Li-5   -0.100512  2.800790   Li-7   -1.674669  2.800790   Li-8    0.742199  2.800790     3   Nucleophile
18        18      Li   1.608349   1.575586  13.528294   3.039340   2.977426  25.564770  2.250331      1.940739      41.976196   3     0.749669        0.017859   Li-9   -2.793935  2.953330  Li-10    0.730004  2.962829  Li-12   -0.061985  2.998378  Li-30   -1.039073  3.004195     2  Electrophile
19        19      Li   4.862291   1.640993  13.473034   9.188398   3.101027  25.460344  2.242288      1.930991      39.762992   3     0.757712        0.019056  Li-14   -1.010614  2.925989  Li-13    0.732296  2.938320  Li-11    0.729176  2.952348  Li-28   -1.167651  2.960481     2  Electrophile
20        20      Li   8.126322   1.587624  13.529142  15.356524   3.000175  25.566373  2.248598      1.944809      41.352511   3     0.751402        0.018171  Li-29   -1.842046  2.957825  Li-11    0.729176  2.987681  Li-32    0.726504  3.015156  Li-14   -1.010614  3.019351     2  Electrophile
21        21      Li   1.630927   4.820652  13.481441   3.082006   9.109712  25.476232  2.241599      1.929608      39.793737   3     0.758401        0.019058  Li-33   -1.867043  2.921341  Li-13    0.732296  2.926314  Li-12   -0.061985  2.941625  Li-16   -0.140709  2.959785     2  Electrophile
22        22      Li   4.843758   4.849030  13.481923   9.153376   9.163339  25.477143  2.245969      1.939981      41.278283   3     0.754031        0.018267  Li-13    0.732296  2.945669  Li-16   -0.140709  2.947953  Li-14   -1.010614  2.953731  Li-17   -0.135438  2.956009     2  Electrophile
23        23      Li   8.067293   4.822009  13.487135  15.244974   9.112277  25.486991  2.242685      1.931882      40.054192   3     0.757315        0.018907  Li-14   -1.010614  2.928493  Li-17   -0.135438  2.960457  Li-32    0.726504  3.002239  Li-35   -0.533203  3.002875     2  Electrophile
24        24      Li   1.604648   8.104977  13.528721   3.032344  15.316187  25.565577  2.246627      1.938760      40.937453   3     0.753373        0.018403  Li-34    0.728868  2.978254  Li-15   -0.095720  2.984734  Li-16   -0.140709  2.998129  Li-33   -1.867043  3.009243     2  Electrophile
25        25      Li   4.862868   8.064856  13.467151   9.189490  15.240368  25.449226  2.242754      1.924900      39.822725   3     0.757246        0.019015  Li-17   -0.135438  2.923922  Li-16   -0.140709  2.936897  Li-35   -0.533203  2.992060  Li-34    0.728868  3.009503     2  Electrophile
26        26      Li   8.125471   8.083534  13.508795  15.354914  15.275665  25.527923  2.251705      1.938274      41.999035   3     0.748295        0.017817  Li-17   -0.135438  2.989137  Li-35   -0.533203  3.025116  Li-23    0.757315  3.262115  Li-25    0.757246  3.262922     2  Electrophile
27        27      Li   0.075187  -0.073526  15.762543   0.142083  -0.138944  29.786890  2.201783      1.302921      41.378424   3     0.798217        0.019291  Li-18    0.749669  3.172070  Li-28   -1.167651  3.289658  Li-30   -1.039073  3.325408   Li-9   -2.793935  4.146840     1  Electrophile
28        28      Li   3.345154  -0.006020  15.409550   6.321425  -0.011377  29.119829  4.167651      1.944798     541.699397   3    -1.167651       -0.002156  Li-19    0.757712  2.960481  Li-18    0.749669  3.009500  Li-29   -1.842046  3.094374  Li-31   -0.512684  3.254838     1   Nucleophile
29        29      Li   6.439186  -0.005242  15.363556  12.168298  -0.009906  29.032914  4.842046      3.106583     839.875283   3    -1.842046       -0.002193  Li-20    0.751402  2.957825  Li-19    0.757712  2.961547  Li-28   -1.167651  3.094374  Li-32    0.726504  3.219065     1   Nucleophile
30        30      Li  -0.001510   3.235878  15.445838  -0.002853   6.114923  29.188403  4.039073      1.944069     536.097652   3    -1.039073       -0.001938  Li-18    0.749669  3.004195  Li-21    0.758401  3.005863  Li-33   -1.867043  3.108577  Li-31   -0.512684  3.248840     1   Nucleophile
31        31      Li   3.247300   3.247229  15.437277   6.136507   6.136373  29.172226  3.512684      1.964434     620.097039   3    -0.512684       -0.000827  Li-21    0.758401  2.985568  Li-22    0.754031  2.989625  Li-19    0.757712  3.007730  Li-18    0.749669  3.020723     1   Nucleophile
32        32      Li   6.469384   3.212406  15.454188  12.225363   6.070567  29.204183  2.273496      1.962230     167.890727   3     0.726504        0.004327  Li-19    0.757712  2.996174  Li-23    0.757315  3.002239  Li-20    0.751402  3.015156  Li-22    0.754031  3.034967     1  Electrophile
33        33      Li   0.011284   6.343657  15.376553   0.021324  11.987774  29.057474  4.867043      3.332361     717.674312   3    -1.867043       -0.002602  Li-21    0.758401  2.921341  Li-24    0.753373  3.009243  Li-30   -1.039073  3.108577  Li-34    0.728868  3.213849     1   Nucleophile
34        34      Li   3.221791   6.480104  15.429939   6.088303  12.245623  29.158358  2.271132      1.960192     150.643641   3     0.728868        0.004838  Li-24    0.753373  2.978254  Li-25    0.757246  3.009503  Li-21    0.758401  3.013515  Li-22    0.754031  3.014290     1  Electrophile
35        35      Li   6.448287   6.448829  15.423507  12.185496  12.186520  29.146203  3.533203      1.958367     613.869413   3    -0.533203       -0.000869  Li-22    0.754031  2.983892  Li-25    0.757246  2.992060  Li-23    0.757315  3.002875  Li-26    0.748295  3.025116     1   Nucleophile
36        36       O   9.391823   9.788643  17.652594  17.747973  18.497854  33.358569  9.236827      1.367926     178.308902   8    -1.236827       -0.006936   H-44    0.566955  0.970751   C-37    0.312796  1.452772   H-40    0.080383  2.026806   H-39    0.068093  2.088416     0   Nucleophile
37        37       C   9.655777   8.861597  18.739544  18.246775  16.745992  35.412607  5.687204      0.878729      83.157852   6     0.312796        0.003761   H-40    0.080383  1.091743   H-39    0.068093  1.096195   O-36   -1.236827  1.452772   C-38   -0.172763  1.518880     0  Electrophile
38        38       C   9.788866   9.582790  20.069644  18.498276  18.108849  37.926130  6.172763      1.221259     290.678489   6    -0.172763       -0.000594   H-42    0.075978  1.091852   H-41    0.077580  1.092665   H-43    0.059183  1.093573   C-37    0.312796  1.518880     0   Nucleophile
39        39       H   8.862637   8.105525  18.769985  16.747957  15.317223  35.470130  0.931907      0.609118     274.961188   1     0.068093        0.000248   C-37    0.312796  1.096195   H-40    0.080383  1.767023   O-36   -1.236827  2.088416   C-38   -0.172763  2.174701     0  Electrophile
40        40       H  10.583015   8.359490  18.456662  19.999000  15.797147  34.878037  0.919617      0.559412     158.363720   1     0.080383        0.000508   C-37    0.312796  1.091743   H-39    0.068093  1.767023   O-36   -1.236827  2.026806   C-38   -0.172763  2.174591     0  Electrophile
41        41       H  10.008115   8.865425  20.864146  18.912597  16.753225  39.427522  0.922420      0.602939     802.310121   1     0.077580        0.000097   C-38   -0.172763  1.092665   H-43    0.059183  1.769649   H-42    0.075978  1.770166   C-37    0.312796  2.153622     0  Electrophile
42        42       H  10.597990  10.315191  20.037277  20.027299  19.492886  37.864967  0.924022      0.614000     473.522283   1     0.075978        0.000160   C-38   -0.172763  1.091852   H-41    0.077580  1.770166   H-43    0.059183  1.774975   C-37    0.312796  2.164442     0  Electrophile
43        43       H   8.859941  10.099807  20.325951  16.742863  19.085870  38.410480  0.940817      0.619813     626.633873   1     0.059183        0.000094   C-38   -0.172763  1.093573   H-41    0.077580  1.769649   H-42    0.075978  1.774975   C-37    0.312796  2.164071     0  Electrophile
44        44       H   8.550993  10.245990  17.814451  16.159035  19.362114  33.664434  0.433045      0.267280     101.852589   1     0.566955        0.005566   O-36   -1.236827  0.970751   C-37    0.312796  1.998221   H-39    0.068093  2.364689   H-43    0.059183  2.534650     0  Electrophile