   Atom                     Volume(s)
  ------------------------------------------------------------------------
     1   ...      34
     2   ...      43   52   58   65
     3   ...      78
     4   ...      26   28   36
     5   ...      60
     6   ...      67   75   81
     7   ...      29   37
     8   ...      55   61
     9   ...      24   77   83
    10   ...       2   10
    11   ...      41   49
    12   ...      64   72
    13   ...      15
    14   ...      46
    15   ...      54   74
    16   ...      19   22   76
    17   ...      40   48
    18   ...      73
    19   ...      32
    20   ...      56
    21   ...      79
    22   ...      35
    23   ...      59
    24   ...      80
    25   ...      33
    26   ...      57
    27   ...      82
    28   ...       6
    29   ...      25   38   39   45
    30   ...       4   50   63   66   68
    31   ...       5   14   18   70
    32   ...      44
    33   ...      51   69
    34   ...       3   17   21   23   27
    35   ...      42   47
    36   ...      53   62   71
    37   ...       9
    38   ...      11
    39   ...      12
    40   ...      31
    41   ...      30
    42   ...      20
    43   ...      13
    44   ...      16
    45   ...       1
    46   ...       7
    47   ...       8
  ------------------------------------------------------------------------
