   ASE Index Element    X (Ang)    Y (Ang)    Z (Ang)   X (Bohr)   Y (Bohr)   Z (Bohr)    CHARGE  Min Distance  Atomic Volume  AN  Charge Gain  Charge Density    1NN  1NN charge  1NN dist    2NN  2NN charge  2NN dist    3NN  3NN charge  3NN dist    4NN  4NN charge  4NN dist  Tags         Class
0          0      Li   1.617037   1.617037  10.000000   3.055757   3.055757  18.897261  2.228816      1.853167     150.590007   3     0.771184        0.005121   Li-9   -0.214334  2.800790  Li-10   -0.170087  2.800790  Li-12    0.776489  2.800790  Li-10   -0.170087  2.800790     4  Electrophile
1          1      Li   4.851111   1.617037  10.000000   9.167271   3.055757  18.897261  4.875649      1.847153    1246.649900   3    -1.875649       -0.001505  Li-10   -0.170087  2.800790  Li-11   -0.160030  2.800790  Li-13    0.776437  2.800790  Li-14   -0.240131  2.800790     4   Nucleophile
2          2      Li   8.085185   1.617037  10.000000  15.278785   3.055757  18.897261  2.228655      1.847156     150.469952   3     0.771345        0.005126  Li-11   -0.160030  2.800790  Li-14   -0.240131  2.800790   Li-5   -1.110594  3.234074   Li-1   -1.875649  3.234074     4  Electrophile
3          3      Li   1.617037   4.851111  10.000000   3.055757   9.167271  18.897261  3.986555      1.853165     889.230437   3    -0.986555       -0.001109  Li-12    0.776489  2.800790  Li-13    0.776437  2.800790  Li-13    0.776437  2.800790  Li-16   -0.191704  2.800790     4   Nucleophile
4          4      Li   4.851111   4.851111  10.000000   9.167271   9.167271  18.897261  2.225410      1.853160     130.229793   3     0.774590        0.005948  Li-14   -0.240131  2.800790  Li-16   -0.191704  2.800790  Li-16   -0.191704  2.800790  Li-13    0.776437  2.800790     4  Electrophile
5          5      Li   8.085185   4.851111  10.000000  15.278785   9.167271  18.897261  4.110594      1.853171     911.922646   3    -1.110594       -0.001218  Li-14   -0.240131  2.800790  Li-17    0.777049  2.800790   Li-2    0.771345  3.234074   Li-4    0.774590  3.234074     4   Nucleophile
6          6      Li   1.617037   8.085185  10.000000   3.055757  15.278785  18.897261  3.207109      1.847156     511.969521   3    -0.207109       -0.000405  Li-15   -1.024517  2.800790  Li-16   -0.191704  2.800790   Li-3   -0.986555  3.234074   Li-7   -0.118633  3.234074     4   Nucleophile
7          7      Li   4.851111   8.085185  10.000000   9.167271  15.278785  18.897261  3.118633      1.847166     532.976528   3    -0.118633       -0.000223  Li-16   -0.191704  2.800790  Li-17    0.777049  2.800790   Li-8   -1.148537  3.234074   Li-6   -0.207109  3.234074     4   Nucleophile
8          8      Li   8.085185   8.085185  10.000000  15.278785  15.278785  18.897261  4.148537      1.853167     887.724209   3    -1.148537       -0.001294  Li-17    0.777049  2.800790   Li-5   -1.110594  3.234074   Li-5   -1.110594  3.234074  Li-26    0.786046  3.461205     4   Nucleophile
9          9      Li   0.000000   0.000000  11.617037   0.000000   0.000000  21.953018  3.214334      1.834412     409.321419   3    -0.214334       -0.000524   Li-0    0.771184  2.800790  Li-18    0.789065  2.944764  Li-12    0.776489  3.234074  Li-10   -0.170087  3.234074     3   Nucleophile
10        10      Li   3.234074   0.000000  11.617037   6.111514   0.000000  21.953018  3.170087      1.837296     414.930346   3    -0.170087       -0.000410   Li-1   -1.875649  2.800790   Li-0    0.771184  2.800790  Li-19    0.788168  2.944773  Li-18    0.789065  2.984994     3   Nucleophile
11        11      Li   6.468148   0.000000  11.617037  12.223028   0.000000  21.953018  3.160030      1.834421     410.269457   3    -0.160030       -0.000390   Li-1   -1.875649  2.800790   Li-2    0.771345  2.800790  Li-19    0.788168  2.949243  Li-20    0.789141  2.979613     3   Nucleophile
12        12      Li   0.000000   3.234074  11.617037   0.000000   6.111514  21.953018  2.223511      1.837304      36.939353   3     0.776489        0.021021   Li-3   -0.986555  2.800790   Li-0    0.771184  2.800790  Li-21    0.788530  2.934654  Li-18    0.789065  2.969244     3  Electrophile
13        13      Li   3.234074   3.234074  11.617037   6.111514   6.111514  21.953018  2.223563      1.837300      36.988970   3     0.776437        0.020991   Li-1   -1.875649  2.800790   Li-3   -0.986555  2.800790   Li-0    0.771184  2.800790   Li-4    0.774590  2.800790     3  Electrophile
14        14      Li   6.468148   3.234074  11.617037  12.223028   6.111514  21.953018  3.240131      1.837312     384.644533   3    -0.240131       -0.000624   Li-1   -1.875649  2.800790   Li-4    0.774590  2.800790   Li-5   -1.110594  2.800790   Li-2    0.771345  2.800790     3   Nucleophile
15        15      Li   0.000000   6.468148  11.617037   0.000000  12.223028  21.953018  4.024517      1.833683     760.816091   3    -1.024517       -0.001347   Li-3   -0.986555  2.800790   Li-6   -0.207109  2.800790  Li-21    0.788530  2.953218  Li-24    0.787340  2.955559     3   Nucleophile
16        16      Li   3.234074   6.468148  11.617037   6.111514  12.223028  21.953018  3.191704      1.837304     404.374346   3    -0.191704       -0.000474   Li-3   -0.986555  2.800790   Li-4    0.774590  2.800790   Li-6   -0.207109  2.800790   Li-7   -0.118633  2.800790     3   Nucleophile
17        17      Li   6.468148   6.468148  11.617037  12.223028  12.223028  21.953018  2.222951      1.837284      36.991185   3     0.777049        0.021006   Li-4    0.774590  2.800790   Li-5   -1.110594  2.800790   Li-5   -1.110594  2.800790   Li-8   -1.148537  2.800790     3  Electrophile
18        18      Li   1.617038   1.617038  13.469728   2.986062   3.013460  25.554333  2.210935      1.894616      36.241172   3     0.789065        0.021773   Li-9   -0.214334  2.944764  Li-12    0.776489  2.969244  Li-10   -0.170087  2.984994  Li-30   -0.819138  2.985947     2  Electrophile
19        19      Li   4.851111   1.617038  13.469729   9.159575   3.077326  25.446806  2.211832      1.887112      35.866387   3     0.788168        0.021975  Li-13    0.776437  2.932211  Li-14   -0.240131  2.936700  Li-10   -0.170087  2.944773  Li-11   -0.160030  2.949243     2  Electrophile
20        20      Li   8.085184   1.617038  13.469728  15.349324   3.011921  25.538941  2.210859      1.887737      36.172506   3     0.789141        0.021816  Li-11   -0.160030  2.979613  Li-29   -1.688320  2.986708  Li-14   -0.240131  3.004685  Li-32    0.085635  3.012516     2  Electrophile
21        21      Li   1.617038   4.851111  13.469729   3.063182   9.135337  25.449890  2.211470      1.884662      35.742788   3     0.788530        0.022061  Li-13    0.776437  2.930321  Li-12    0.776489  2.934654  Li-33   -1.779766  2.938620  Li-16   -0.191704  2.948912     2  Electrophile
22        22      Li   4.851111   4.851111  13.469730   9.162948   9.127203  25.430733  2.212128      1.885112      35.685640   3     0.787872        0.022078  Li-13    0.776437  2.922483  Li-14   -0.240131  2.925013  Li-16   -0.191704  2.945853  Li-17    0.777049  2.948364     2  Electrophile
23        23      Li   8.085184   4.851111  13.469729  15.271855   9.136628  25.443469  2.211350      1.883304      35.686083   3     0.788650        0.022100  Li-14   -0.240131  2.928694  Li-17    0.777049  2.946546  Li-35   -0.589751  2.982109  Li-32    0.085635  3.000709     2  Electrophile
24        24      Li   1.617038   8.085184  13.469728   3.040024  15.330272  25.459828  2.212660      1.885184      36.151242   3     0.787340        0.021779  Li-15   -1.024517  2.955559  Li-16   -0.191704  2.964655  Li-33   -1.779766  2.994892  Li-34    0.131796  3.008694     2  Electrophile
25        25      Li   4.851111   8.085184  13.469729   9.160785  15.294672  25.440967  2.211715      1.890068      35.660832   3     0.788285        0.022105  Li-16   -0.191704  2.941522  Li-17    0.777049  2.945294  Li-35   -0.589751  2.979680  Li-34    0.131796  2.987613     2  Electrophile
26        26      Li   8.085184   8.085184  13.469728  15.290283  15.328957  25.437789  2.213954      1.884331      36.287688   3     0.786046        0.021662  Li-17    0.777049  2.955751  Li-35   -0.589751  3.014459  Li-25    0.788285  3.243642  Li-23    0.788650  3.276855     2  Electrophile
27        27      Li  -0.000000  -0.000000  15.445939  -0.011883  -0.075340  29.523215  2.185470      1.342687      38.213002   3     0.814530        0.021316  Li-18    0.789065  3.098303  Li-28   -0.895993  3.274604  Li-30   -0.819138  3.283051   Li-9   -0.214334  4.006179     1  Electrophile
28        28      Li   3.234074   0.000000  15.445939   6.162896   0.008117  29.125994  3.895993      1.902016     472.610900   3    -0.895993       -0.001896  Li-18    0.789065  2.987913  Li-19    0.788168  2.990510  Li-29   -1.688320  3.171572  Li-31    0.764077  3.228387     1   Nucleophile
29        29      Li   6.468148   0.000000  15.445939  12.156243   0.018269  29.102324  4.688320      3.479101     755.998377   3    -1.688320       -0.002233  Li-19    0.788168  2.979445  Li-20    0.789141  2.986708  Li-28   -0.895993  3.171572  Li-32    0.085635  3.225496     1   Nucleophile
30        30      Li   0.000000   3.234074  15.445939  -0.002807   6.120038  29.195077  3.819138      1.900424     360.325154   3    -0.819138       -0.002273  Li-18    0.789065  2.985947  Li-21    0.788530  3.017644  Li-33   -1.779766  3.176518  Li-31    0.764077  3.235305     1   Nucleophile
31        31      Li   3.234076   3.234076  15.445938   6.110887   6.108597  29.154416  2.235923      1.915738      88.487345   3     0.764077        0.008635  Li-21    0.788530  3.001568  Li-19    0.788168  3.004192  Li-22    0.787872  3.007146  Li-18    0.789065  3.007710     1  Electrophile
32        32      Li   6.468146   3.234076  15.445938  12.226166   6.112988  29.149702  2.914365      1.916954     309.567046   3     0.085635        0.000277  Li-23    0.788650  3.000709  Li-22    0.787872  3.007456  Li-19    0.788168  3.008905  Li-20    0.789141  3.012516     1  Electrophile
33        33      Li   0.000000   6.468148  15.445939   0.004823  12.119499  28.996593  4.779766      2.160169     534.491616   3    -1.779766       -0.003330  Li-21    0.788530  2.938620  Li-24    0.787340  2.994892  Li-30   -0.819138  3.176518  Li-34    0.131796  3.242010     1   Nucleophile
34        34      Li   3.234076   6.468146  15.445938   6.130346  12.204649  29.066283  2.868204      1.909896     323.154551   3     0.131796        0.000408  Li-25    0.788285  2.987613  Li-22    0.787872  2.988075  Li-21    0.788530  2.989100  Li-24    0.787340  3.008694     1  Electrophile
35        35      Li   6.468146   6.468146  15.445938  12.184136  12.189371  29.035702  3.589751      1.911153     652.143077   3    -0.589751       -0.000904  Li-22    0.787872  2.970012  Li-25    0.788285  2.979680  Li-23    0.788650  2.982109  Li-26    0.786046  3.014459     1   Nucleophile
36        36       O   9.702222   9.702222  19.645939  18.566024  18.963408  39.329275  9.039303      1.275667    1074.725504   8    -1.039303       -0.000967   H-44    0.508334  0.965170   C-37    0.525965  1.435438   H-40   -0.000772  2.015059   H-39   -0.014872  2.085708     0   Nucleophile
37        37       C  10.518979  10.884630  19.650238  20.013690  21.016975  38.306905  5.474035      0.830061      82.006578   6     0.525965        0.006414   H-40   -0.000772  1.092221   H-39   -0.014872  1.096845   O-36   -1.039303  1.435438   C-38    0.032560  1.522826     0  Electrophile
38        38       C   9.699361  12.168844  19.635704  18.383936  23.131178  37.232036  5.967440      1.173565     122.161728   6     0.032560        0.000267   H-42   -0.020594  1.092995   H-41   -0.012406  1.093846   H-43   -0.018732  1.093996   C-37    0.525965  1.522826     0  Electrophile
39        39       H  11.202515  10.876006  20.510398  21.305351  21.766750  39.744154  1.014872      0.640552     916.296466   1    -0.014872       -0.000016   C-37    0.525965  1.096845   H-40   -0.000772  1.764359   O-36   -1.039303  2.085708   C-38    0.032560  2.162974     0   Nucleophile
40        40       H  11.128705  10.809241  18.747442  21.168165  20.165899  36.822672  1.000772      0.620425     150.817714   1    -0.000772       -0.000005   C-37    0.525965  1.092221   H-39   -0.014872  1.764359   O-36   -1.039303  2.015059   C-38    0.032560  2.163318     0   Nucleophile
41        41       H  10.353307  13.045771  19.620269  19.575685  24.618882  36.432506  1.012406      0.643054     202.856559   1    -0.012406       -0.000061   C-38    0.032560  1.093846   H-43   -0.018732  1.763537   H-42   -0.020594  1.773646   C-37    0.525965  2.161153     0   Nucleophile
42        42       H   9.050338  12.203555  18.758886  17.136177  22.425728  35.744903  1.020594      0.650799     122.359753   1    -0.020594       -0.000168   C-38    0.032560  1.092995   H-41   -0.012406  1.773646   H-43   -0.018732  1.776040   C-37    0.525965  2.170821     0   Nucleophile
43        43       H   9.070873  12.239032  20.528265  17.225230  23.993928  38.710891  1.018732      0.649225     744.555918   1    -0.018732       -0.000025   C-38    0.032560  1.093996   H-41   -0.012406  1.763537   H-42   -0.020594  1.776040   C-37    0.525965  2.169043     0   Nucleophile
44        44       H   9.119245   9.741389  20.414164  17.584488  19.608030  40.724871  0.491666      0.311116     602.506665   1     0.508334        0.000844   O-36   -1.039303  0.965170   C-37    0.525965  1.961008   H-39   -0.014872  2.334788   H-43   -0.018732  2.560982     0  Electrophile
45        45       N   9.702000   9.702000  16.945939  18.040958  16.507795  32.956330  7.313138      0.969680     174.807051   7    -0.313138       -0.001791   N-46    0.037526  1.111412   H-40   -0.000772  3.266774   H-42   -0.020594  3.494841   O-36   -1.039303  3.624773     0   Nucleophile
46        46       N   9.702000   9.702000  18.042561  17.876392  15.386065  34.724310  6.962474      0.913708     380.712835   7     0.037526        0.000099   N-45   -0.313138  1.111412   O-36   -1.039303  3.107251   H-40   -0.000772  3.265744   C-37    0.525965  3.708403     0  Electrophile