   ASE Index Element    X (Ang)    Y (Ang)    Z (Ang)   X (Bohr)   Y (Bohr)   Z (Bohr)    CHARGE  Min Distance  Atomic Volume  AN  Charge Gain  Charge Density    1NN  1NN charge  1NN dist    2NN  2NN charge  2NN dist    3NN  3NN charge  3NN dist    4NN  4NN charge  4NN dist  Tags         Class
0          0      Li   1.617037   1.617037  10.000000   3.055757   3.055757  18.897261  3.154905      1.876743     531.562759   3    -0.154905       -0.000291   Li-9   -0.865116  2.800790  Li-10    0.734941  2.800790  Li-13    0.734935  2.800790  Li-10    0.734941  2.800790     4   Nucleophile
1          1      Li   4.851111   1.617037  10.000000   9.167271   3.055757  18.897261  4.954712      1.887710    1244.757520   3    -1.954712       -0.001570  Li-10    0.734941  2.800790  Li-11   -1.103882  2.800790  Li-14    0.722357  2.800790  Li-13    0.734935  2.800790     4   Nucleophile
2          2      Li   8.085185   1.617037  10.000000  15.278785   3.055757  18.897261  2.262026      1.907712     214.522599   3     0.737974        0.003440  Li-11   -1.103882  2.800790  Li-14    0.722357  2.800790   Li-5   -1.903587  3.234074   Li-1   -1.954712  3.234074     4  Electrophile
3          3      Li   1.617037   4.851111  10.000000   3.055757   9.167271  18.897261  2.253275      1.886700     162.957906   3     0.746725        0.004582  Li-12   -1.155703  2.800790  Li-13    0.734935  2.800790  Li-12   -1.155703  2.800790  Li-16    0.716571  2.800790     4  Electrophile
4          4      Li   4.851111   4.851111  10.000000   9.167271   9.167271  18.897261  3.948376      1.887700     866.447337   3    -0.948376       -0.001095  Li-14    0.722357  2.800790  Li-16    0.716571  2.800790  Li-16    0.716571  2.800790  Li-13    0.734935  2.800790     4   Nucleophile
5          5      Li   8.085185   4.851111  10.000000  15.278785   9.167271  18.897261  4.903587      1.887719    1235.455390   3    -1.903587       -0.001541  Li-14    0.722357  2.800790  Li-17    0.734965  2.800790   Li-8   -0.181753  3.234074   Li-4   -0.948376  3.234074     4   Nucleophile
6          6      Li   1.617037   8.085185  10.000000   3.055757  15.278785  18.897261  3.953172      1.893760     856.384927   3    -0.953172       -0.001113  Li-15    0.735072  2.800790  Li-16    0.716571  2.800790   Li-3    0.746725  3.234074   Li-7    0.747132  3.234074     4   Nucleophile
7          7      Li   4.851111   8.085185  10.000000   9.167271  15.278785  18.897261  2.252868      1.886679     160.240484   3     0.747132        0.004663  Li-16    0.716571  2.800790  Li-17    0.734965  2.800790   Li-4   -0.948376  3.234074   Li-8   -0.181753  3.234074     4  Electrophile
8          8      Li   8.085185   8.085185  10.000000  15.278785  15.278785  18.897261  3.181753      1.876724     535.961495   3    -0.181753       -0.000339  Li-17    0.734965  2.800790   Li-5   -1.903587  3.234074   Li-7    0.747132  3.234074  Li-26    0.757341  3.500948     4   Nucleophile
9          9      Li   0.000000   0.000000  11.617037   0.000000   0.000000  21.953018  3.865116      1.888500     674.439766   3    -0.865116       -0.001283   Li-0   -0.154905  2.800790  Li-18   -0.180450  2.926074  Li-12   -1.155703  3.234074  Li-10    0.734941  3.234074     3   Nucleophile
10        10      Li   3.234074   0.000000  11.617037   6.111514   0.000000  21.953018  2.265059      1.866332      47.047809   3     0.734941        0.015621   Li-1   -1.954712  2.800790   Li-0   -0.154905  2.800790  Li-18   -0.180450  2.948281  Li-19    0.756592  2.995351     3  Electrophile
11        11      Li   6.468148   0.000000  11.617037  12.223028   0.000000  21.953018  4.103882      1.890352     744.185316   3    -1.103882       -0.001483   Li-1   -1.954712  2.800790   Li-2    0.737974  2.800790  Li-20    0.772808  2.988083  Li-19    0.756592  2.990512     3   Nucleophile
12        12      Li   0.000000   3.234074  11.617037   0.000000   6.111514  21.953018  4.155703      1.890352     750.372095   3    -1.155703       -0.001540   Li-3    0.746725  2.800790   Li-0   -0.154905  2.800790  Li-21   -0.090296  2.895732  Li-18   -0.180450  2.970609     3   Nucleophile
13        13      Li   3.234074   3.234074  11.617037   6.111514   6.111514  21.953018  2.265065      1.866327      47.086899   3     0.734935        0.015608   Li-1   -1.954712  2.800790   Li-3    0.746725  2.800790   Li-0   -0.154905  2.800790   Li-4   -0.948376  2.800790     3  Electrophile
14        14      Li   6.468148   3.234074  11.617037  12.223028   6.111514  21.953018  2.277643      1.879844      56.313923   3     0.722357        0.012827   Li-1   -1.954712  2.800790   Li-4   -0.948376  2.800790   Li-5   -1.903587  2.800790   Li-2    0.737974  2.800790     3  Electrophile
15        15      Li   0.000000   6.468148  11.617037   0.000000  12.223028  21.953018  2.264928      1.866330      47.011354   3     0.735072        0.015636   Li-3    0.746725  2.800790   Li-6   -0.953172  2.800790  Li-24   -0.374075  2.945922  Li-21   -0.090296  2.967107     3  Electrophile
16        16      Li   3.234074   6.468148  11.617037   6.111514  12.223028  21.953018  2.283429      1.872571      69.529456   3     0.716571        0.010306   Li-3    0.746725  2.800790   Li-4   -0.948376  2.800790   Li-6   -0.953172  2.800790   Li-7    0.747132  2.800790     3  Electrophile
17        17      Li   6.468148   6.468148  11.617037  12.223028  12.223028  21.953018  2.265035      1.866339      46.959087   3     0.734965        0.015651   Li-4   -0.948376  2.800790   Li-5   -1.903587  2.800790   Li-5   -1.903587  2.800790   Li-8   -0.181753  2.800790     3  Electrophile
18        18      Li   1.596868   1.576436  13.495006   3.017644   2.979033  25.501865  3.180450      1.952544     282.238099   3    -0.180450       -0.000639   Li-9   -0.865116  2.926074  Li-10    0.734941  2.948281  Li-12   -1.155703  2.970609  Li-31    0.726764  2.985351     2   Nucleophile
19        19      Li   4.855589   1.671186  13.501169   9.175734   3.158084  25.513512  2.243408      1.941217      41.669624   3     0.756592        0.018157  Li-14    0.722357  2.931368  Li-13    0.734935  2.936305  Li-28    0.727179  2.971066  Li-11   -1.103882  2.990512     2  Electrophile
20        20      Li   8.078552   1.622111  13.541613  15.266251   3.065346  25.589940  2.227192      1.373530      35.752961   3     0.772808        0.021615   N-45   -1.167423  2.091757   N-46   -1.229511  2.108657  Li-29    0.785065  2.799723  Li-14    0.722357  2.982586     2  Electrophile
21        21      Li   1.564720   4.786416  13.495108   2.956892   9.045015  25.502058  3.090296      1.939771     281.228344   3    -0.090296       -0.000321  Li-33   -0.210689  2.887201  Li-12   -1.155703  2.895732  Li-31    0.726764  2.900091  Li-13    0.734935  2.953584     2   Nucleophile
22        22      Li   4.807581   4.893575  13.500221   9.085011   9.247516  25.511720  3.264545      1.940523     379.632658   3    -0.264545       -0.000697  Li-16    0.716571  2.915748  Li-32    0.757384  2.942539  Li-13    0.734935  2.962473  Li-17    0.734965  2.963637     2   Nucleophile
23        23      Li   8.039536   4.851282  13.501718  15.192520   9.167594  25.514550  2.244867      1.933013      42.093466   3     0.755133        0.017939  Li-17    0.734965  2.938629  Li-14    0.722357  2.938817  Li-32    0.757384  3.013984  Li-35    0.725769  3.091324     2  Electrophile
24        24      Li   1.663295   8.033753  13.477357   3.143171  15.181593  25.468514  3.374075      1.941454     315.807723   3    -0.374075       -0.001185  Li-16    0.716571  2.894695  Li-15    0.735072  2.945922  Li-34   -1.967712  2.987329  Li-33   -0.210689  3.031918     2   Nucleophile
25        25      Li   4.902965   8.136161  13.485114   9.265261  15.375116  25.483172  3.213476      1.941367     292.865339   3    -0.213476       -0.000729  Li-35    0.725769  2.908427  Li-17    0.734965  2.953265  Li-16    0.716571  3.009514  Li-34   -1.967712  3.078791     2   Nucleophile
26        26      Li   8.130489   8.112267  13.500550  15.364397  15.329962  25.512342  2.242659      1.938251      41.262472   3     0.757341        0.018354  Li-35    0.725769  2.988515  Li-17    0.734965  3.002353  Li-25   -0.213476  3.227649  Li-23    0.755133  3.262253     2  Electrophile
27        27      Li   0.115660  -0.134615  15.468680   0.218566  -0.254385  29.231569  2.224559      1.221736      62.849439   3     0.775441        0.012338  Li-18   -0.180450  3.002842  Li-30    0.790674  3.106238  Li-28    0.727179  3.241294   Li-9   -0.865116  3.855730     1  Electrophile
28        28      Li   3.355163  -0.049640  15.402409   6.340339  -0.093806  29.106335  2.272821      1.975618     136.199624   3     0.727179        0.005339  Li-19    0.756592  2.971066  Li-18   -0.180450  3.061684  Li-27    0.775441  3.241294  Li-31    0.726764  3.336614     1  Electrophile
29        29      Li   6.702563   0.219824  15.536280  12.666009   0.415407  29.359314  2.214935      1.332875      58.011488   3     0.785065        0.013533   N-45   -1.167423  2.025080   N-46   -1.229511  2.035034  Li-20    0.772808  2.799723  Li-19    0.756592  3.107964     1  Electrophile
30        30      Li  -0.261690   2.945731  15.602072  -0.494522   5.566625  29.483644  2.209326      1.319842      60.263781   3     0.790674        0.013120  Li-27    0.775441  3.106238  Li-18   -0.180450  3.125529  Li-21   -0.090296  3.341136  Li-31    0.726764  3.352809     1  Electrophile
31        31      Li   3.071855   3.274459  15.458029   5.804964   6.187830  29.211440  2.273236      1.969984     143.899938   3     0.726764        0.005050  Li-21   -0.090296  2.900091  Li-18   -0.180450  2.985351  Li-22   -0.264545  3.076897  Li-19    0.756592  3.095399     1  Electrophile
32        32      Li   6.336901   3.351643  15.485708  11.975008   6.333686  29.263748  2.242616      1.223469      92.575056   3     0.757384        0.008181   N-46   -1.229511  1.837029  Li-22   -0.264545  2.942539  Li-19    0.756592  2.992761  Li-23    0.755133  3.013984     1  Electrophile
33        33      Li   0.053745   6.336049  15.406003   0.101563  11.973398  29.113126  3.210689      1.969051     355.321242   3    -0.210689       -0.000593  Li-21   -0.090296  2.887201  Li-24   -0.374075  3.031918  Li-34   -1.967712  3.193430  Li-30    0.790674  3.410601     1   Nucleophile
34        34      Li   3.243940   6.465300  15.468751   6.130159  12.217647  29.231703  4.967712      3.406074    1148.473735   3    -1.967712       -0.001713  Li-22   -0.264545  2.964862  Li-24   -0.374075  2.987329  Li-25   -0.213476  3.078791  Li-21   -0.090296  3.087669     1   Nucleophile
35        35      Li   6.423098   6.624665  15.450699  12.137897  12.518803  29.197589  2.274231      1.969904     127.872112   3     0.725769        0.005676  Li-25   -0.213476  2.908427  Li-26    0.757341  2.988515  Li-22   -0.264545  3.067725  Li-23    0.755133  3.091324     1  Electrophile
36        36       O   8.553580   1.315166  19.157653  16.163923   2.485304  36.202718  9.099088      1.330069     286.598623   8    -1.099088       -0.003835   H-44    0.565452  0.966036   C-37    0.380964  1.436420   H-40    0.071919  2.017960   H-39    0.049409  2.090449     0   Nucleophile
37        37       C   8.253790   0.600377  20.366994  15.597403   1.134548  38.488041  5.619036      0.861088      96.826655   6     0.380964        0.003934   H-40    0.071919  1.092761   H-39    0.049409  1.098691   O-36   -1.099088  1.436420   C-38   -0.185405  1.521791     0  Electrophile
38        38       C   8.117250   1.512262  21.577643  15.339379   2.857761  40.775836  6.185405      1.232813     239.282015   6    -0.185405       -0.000775   H-42    0.070141  1.091475   H-41    0.067463  1.091951   H-43    0.057983  1.093247   C-37    0.380964  1.521791     0   Nucleophile
39        39       H   7.348780  -0.008899  20.237138  13.887182  -0.016817  38.242649  0.950591      0.619575     376.225669   1     0.049409        0.000131   C-37    0.380964  1.098691   H-40    0.071919  1.766919   O-36   -1.099088  2.090449   C-38   -0.185405  2.168278     0  Electrophile
40        40       H   9.093331  -0.084993  20.506870  17.183905  -0.160614  38.752367  0.928081      0.598120     438.366215   1     0.071919        0.000164   C-37    0.380964  1.092761   H-39    0.049409  1.766919   O-36   -1.099088  2.017960   C-38   -0.185405  2.156505     0  Electrophile
41        41       H   7.908708   0.922185  22.472448  14.945292   1.742676  42.466773  0.932537      0.608257     474.593967   1     0.067463        0.000142   C-38   -0.185405  1.091951   H-43    0.057983  1.764289   H-42    0.070141  1.776823   C-37    0.380964  2.157679     0  Electrophile
42        42       H   9.038535   2.076708  21.732404  17.080356   3.924410  41.068291  0.929859      0.605339     598.430574   1     0.070141        0.000117   C-38   -0.185405  1.091475   H-43    0.057983  1.771030   H-41    0.067463  1.776823   C-37    0.380964  2.158639     0  Electrophile
43        43       H   7.296333   2.222835  21.449697  13.788071   4.200550  40.534053  0.942017      0.622435     545.658919   1     0.057983        0.000106   C-38   -0.185405  1.093247   H-41    0.067463  1.764289   H-42    0.070141  1.771030   C-37    0.380964  2.172865     0  Electrophile
44        44       H   7.796626   1.875518  18.942590  14.733487   3.544216  35.796308  0.434548      0.265665      75.089476   1     0.565452        0.007530   O-36   -1.099088  0.966036   C-37    0.380964  1.965683   H-39    0.049409  2.329689   H-43    0.057983  2.580020     0  Electrophile
45        45       N   8.504318   1.144280  15.533057  16.070832   2.162375  29.353223  8.167423      1.084345     211.571955   7    -1.167423       -0.005518   N-46   -1.229511  1.258185  Li-29    0.785065  2.025080  Li-20    0.772808  2.091757  Li-32    0.757384  3.093928     0   Nucleophile
46        46       N   7.618164   2.037130  15.557112  14.396244   3.849618  29.398682  8.229511      1.096381     254.535944   7    -1.229511       -0.004830   N-45   -1.167423  1.258185  Li-32    0.757384  1.837029  Li-29    0.785065  2.035034  Li-20    0.772808  2.108657     0   Nucleophile