   ASE Index Element    X (Ang)    Y (Ang)    Z (Ang)   X (Bohr)   Y (Bohr)   Z (Bohr)    CHARGE  Min Distance  Atomic Volume  AN  Charge Gain  Charge Density    1NN  1NN charge  1NN dist    2NN  2NN charge  2NN dist    3NN  3NN charge  3NN dist    4NN  4NN charge  4NN dist  Tags         Class
0          0      Li   1.617037   1.617037  10.000000   3.055757   3.055757  18.897261  3.542291      1.847150     583.460857   3    -0.542291       -0.000929   Li-9   -0.291173  2.800790  Li-10    0.776575  2.800790  Li-12    0.774971  2.800790   Li-9   -0.291173  2.800790     4   Nucleophile
1          1      Li   4.851111   1.617037  10.000000   9.167271   3.055757  18.897261  4.012022      1.847154     912.118012   3    -1.012022       -0.001110  Li-10    0.776575  2.800790  Li-11    0.775216  2.800790  Li-14   -0.187786  2.800790  Li-13    0.776767  2.800790     4   Nucleophile
2          2      Li   8.085185   1.617037  10.000000  15.278785   3.055757  18.897261  2.231470      1.859447     166.536088   3     0.768530        0.004615  Li-11    0.775216  2.800790  Li-14   -0.187786  2.800790   Li-5   -0.084701  3.234074   Li-1   -1.012022  3.234074     4  Electrophile
3          3      Li   1.617037   4.851111  10.000000   3.055757   9.167271  18.897261  4.161615      1.855292     833.908901   3    -1.161615       -0.001393  Li-12    0.774971  2.800790  Li-13    0.776767  2.800790  Li-15    0.776273  2.800790  Li-12    0.774971  2.800790     4   Nucleophile
4          4      Li   4.851111   4.851111  10.000000   9.167271   9.167271  18.897261  4.968757      1.850301    1257.606379   3    -1.968757       -0.001565  Li-14   -0.187786  2.800790  Li-16   -0.921119  2.800790  Li-17    0.776631  2.800790  Li-13    0.776767  2.800790     4   Nucleophile
5          5      Li   8.085185   4.851111  10.000000  15.278785   9.167271  18.897261  3.084701      1.847163     520.641850   3    -0.084701       -0.000163  Li-14   -0.187786  2.800790  Li-17    0.776631  2.800790   Li-2    0.768530  3.234074   Li-4   -1.968757  3.234074     4   Nucleophile
6          6      Li   1.617037   8.085185  10.000000   3.055757  15.278785  18.897261  3.221934      1.850305     521.487553   3    -0.221934       -0.000426  Li-15    0.776273  2.800790  Li-16   -0.921119  2.800790   Li-3   -1.161615  3.234074   Li-7   -1.095930  3.234074     4   Nucleophile
7          7      Li   4.851111   8.085185  10.000000   9.167271  15.278785  18.897261  4.095930      1.855271     822.283479   3    -1.095930       -0.001333  Li-16   -0.921119  2.800790  Li-17    0.776631  2.800790   Li-8   -1.240699  3.234074   Li-6   -0.221934  3.234074     4   Nucleophile
8          8      Li   8.085185   8.085185  10.000000  15.278785  15.278785  18.897261  4.240699      1.847171     949.043189   3    -1.240699       -0.001307  Li-17    0.776631  2.800790   Li-5   -0.084701  3.234074   Li-7   -1.095930  3.234074  Li-26    0.785757  3.496456     4   Nucleophile
9          9      Li   0.000000   0.000000  11.617037   0.000000   0.000000  21.953018  3.291173      1.839810     410.780688   3    -0.291173       -0.000709   Li-0   -0.542291  2.800790  Li-18    0.785759  2.977239  Li-10    0.776575  3.234074  Li-12    0.774971  3.234074     3   Nucleophile
10        10      Li   3.234074   0.000000  11.617037   6.111514   0.000000  21.953018  2.223425      1.833288      36.816197   3     0.776575        0.021093   Li-1   -1.012022  2.800790   Li-0   -0.542291  2.800790  Li-19    0.784753  2.913933  Li-18    0.785759  3.002363     3  Electrophile
11        11      Li   6.468148   0.000000  11.617037  12.223028   0.000000  21.953018  2.224784      1.834403      37.710188   3     0.775216        0.020557   Li-1   -1.012022  2.800790   Li-2    0.768530  2.800790  Li-19    0.784753  2.915462  Li-20    0.806552  2.980984     3  Electrophile
12        12      Li   0.000000   3.234074  11.617037   0.000000   6.111514  21.953018  2.225029      1.834417      37.575956   3     0.774971        0.020624   Li-3   -1.161615  2.800790   Li-0   -0.542291  2.800790  Li-18    0.785759  2.929520  Li-21    0.788257  2.996292     3  Electrophile
13        13      Li   3.234074   3.234074  11.617037   6.111514   6.111514  21.953018  2.223233      1.834414      36.935366   3     0.776767        0.021030   Li-1   -1.012022  2.800790   Li-3   -1.161615  2.800790   Li-0   -0.542291  2.800790   Li-4   -1.968757  2.800790     3  Electrophile
14        14      Li   6.468148   3.234074  11.617037  12.223028   6.111514  21.953018  3.187786      1.839808     403.547693   3    -0.187786       -0.000465   Li-1   -1.012022  2.800790   Li-4   -1.968757  2.800790   Li-5   -0.084701  2.800790   Li-2    0.768530  2.800790     3   Nucleophile
15        15      Li   0.000000   6.468148  11.617037   0.000000  12.223028  21.953018  2.223727      1.837292      36.739557   3     0.776273        0.021129   Li-3   -1.161615  2.800790   Li-6   -0.221934  2.800790  Li-21    0.788257  2.939425  Li-24    0.787228  2.952621     3  Electrophile
16        16      Li   3.234074   6.468148  11.617037   6.111514  12.223028  21.953018  3.921119      1.837296     783.460012   3    -0.921119       -0.001176   Li-3   -1.161615  2.800790   Li-4   -1.968757  2.800790   Li-6   -0.221934  2.800790   Li-7   -1.095930  2.800790     3   Nucleophile
17        17      Li   6.468148   6.468148  11.617037  12.223028  12.223028  21.953018  2.223369      1.837284      37.005361   3     0.776631        0.020987   Li-4   -1.968757  2.800790   Li-5   -0.084701  2.800790   Li-5   -0.084701  2.800790   Li-8   -1.240699  2.800790     3  Electrophile
18        18      Li   1.617038   1.617038  13.469728   3.011865   3.138106  25.521590  2.214241      1.893800      37.350022   3     0.785759        0.021038  Li-12    0.774971  2.929520  Li-13    0.776767  2.955050  Li-28   -0.106640  2.966452   Li-9   -0.291173  2.977239     2  Electrophile
19        19      Li   4.851111   1.617038  13.469729   9.164668   2.944582  25.464376  2.215247      1.893560      37.162629   3     0.784753        0.021117  Li-10    0.776575  2.913933  Li-11    0.775216  2.915462  Li-31   -0.227192  2.977326  Li-13    0.776767  2.978513     2  Electrophile
20        20      Li   8.085184   1.617038  13.469728  15.358322   3.021461  25.527111  2.193448      1.378440      32.166383   3     0.806552        0.025074   N-46   -1.079411  2.105193   N-45   -1.108685  2.112342  Li-32   -0.600831  2.776984  Li-11    0.775216  2.980984     2  Electrophile
21        21      Li   1.617038   4.851111  13.469729   3.110634   9.265889  25.479214  2.211743      1.889750      35.989544   3     0.788257        0.021902  Li-16   -0.921119  2.907298  Li-15    0.776273  2.939425  Li-34   -1.295619  2.962735  Li-13    0.776767  2.964782     2  Electrophile
22        22      Li   4.851111   4.851111  13.469730   9.277730   9.056875  25.451792  2.212583      1.889008      35.891639   3     0.787417        0.021939  Li-31   -0.227192  2.878227  Li-14   -0.187786  2.878614  Li-35    0.540357  2.893867  Li-17    0.776631  2.943516     2  Electrophile
23        23      Li   8.085184   4.851111  13.469729  15.391697   9.164909  25.496968  2.214268      1.896094      37.170161   3     0.785732        0.021139  Li-35    0.540357  2.965110  Li-14   -0.187786  2.989887  Li-17    0.776631  2.991238  Li-32   -0.600831  3.050765     2  Electrophile
24        24      Li   1.617038   8.085184  13.469728   2.923304  15.403517  25.484479  2.212772      1.888237      36.206618   3     0.787228        0.021743  Li-33   -0.735173  2.880760  Li-15    0.776273  2.952621  Li-16   -0.921119  3.028420  Li-34   -1.295619  3.082843     2  Electrophile
25        25      Li   4.851111   8.085184  13.469729   9.082988  15.200340  25.456708  2.212116      1.891082      35.863729   3     0.787884        0.021969  Li-16   -0.921119  2.896968  Li-17    0.776631  2.946338  Li-34   -1.295619  2.960294  Li-35    0.540357  3.056903     2  Electrophile
26        26      Li   8.085184   8.085184  13.469728  15.234787  15.310822  25.504382  2.214243      1.892750      37.203829   3     0.785757        0.021120  Li-17    0.776631  2.956645  Li-35    0.540357  3.087377  Li-23    0.785732  3.253339  Li-25    0.787884  3.256015     2  Electrophile
27        27      Li  -0.000000  -0.000000  15.445939  -0.495995   0.532932  29.570636  2.180633      1.324235      51.833289   3     0.819367        0.015808  Li-30    0.790668  3.119969  Li-18    0.785759  3.152350  Li-28   -0.106640  3.357331   Li-9   -0.291173  4.049438     1  Electrophile
28        28      Li   3.234074   0.000000  15.445939   5.800212  -0.115633  29.135880  3.106640      1.925817     406.307634   3    -0.106640       -0.000262  Li-18    0.785759  2.966452  Li-19    0.784753  3.093059  Li-29   -0.704712  3.289671  Li-27    0.819367  3.357331     1   Nucleophile
29        29      Li   6.468148   0.000000  15.445939  12.014923  -0.266720  29.116785  3.704712      1.215923     415.712255   3    -0.704712       -0.001695   N-46   -1.079411  1.836295   H-42   -0.023324  2.937134  Li-19    0.784753  2.983007   N-45   -1.108685  3.090231     1   Nucleophile
30        30      Li   0.000000   3.234074  15.445939   0.192787   6.382897  29.315733  2.209332      1.240772      59.683838   3     0.790668        0.013248  Li-21    0.788257  2.972090  Li-18    0.785759  3.033962  Li-27    0.819367  3.119969  Li-31   -0.227192  3.264699     1  Electrophile
31        31      Li   3.234076   3.234076  15.445938   6.355194   6.230679  29.064933  3.227192      1.913902     359.822783   3    -0.227192       -0.000631  Li-22    0.787417  2.878227  Li-19    0.784753  2.977326  Li-21    0.788257  3.021275  Li-18    0.785759  3.053547     1   Nucleophile
32        32      Li   6.468146   3.234076  15.445938  12.643940   5.662196  29.159936  3.600831      1.326213     295.385911   3    -0.600831       -0.002034   N-45   -1.108685  2.029982   N-46   -1.079411  2.039261   H-40   -0.021870  2.723408  Li-20    0.806552  2.776984     1   Nucleophile
33        33      Li   0.000000   6.468148  15.445939   0.112959  12.556211  29.176398  3.735173      1.933063     809.758308   3    -0.735173       -0.000908  Li-24    0.787228  2.880760  Li-21    0.788257  3.061986  Li-34   -1.295619  3.190591  Li-30    0.790668  3.267882     1   Nucleophile
34        34      Li   3.234076   6.468146  15.445938   6.132625  12.215407  29.155356  4.295619      3.439583    1056.940053   3    -1.295619       -0.001226  Li-25    0.787884  2.960294  Li-21    0.788257  2.962735  Li-22    0.787417  3.066690  Li-24    0.787228  3.082843     1   Nucleophile
35        35      Li   6.468146   6.468146  15.445938  12.135948  11.937389  29.117715  2.459643      1.913076     200.103263   3     0.540357        0.002700  Li-22    0.787417  2.893867  Li-23    0.785732  2.965110  Li-25    0.787884  3.056903  Li-26    0.785757  3.087377     1  Electrophile
36        36       O   8.085185   1.617037  18.445939  15.187545   3.439009  35.964059  9.062501      1.323319     619.149155   8    -1.062501       -0.001716   H-44    0.523786  0.964306   C-37    0.512106  1.435989   H-40   -0.021870  2.017176   H-39   -0.003697  2.090060     0   Nucleophile
37        37       C   6.902778   2.433794  18.450238  12.897226   4.892730  35.894028  5.487894      0.867705      76.239940   6     0.512106        0.006717   H-40   -0.021870  1.093973   H-39   -0.003697  1.097985   O-36   -1.062501  1.435989   C-38    0.018497  1.523514     0  Electrophile
38        38       C   5.618563   1.614176  18.435704  10.534396   3.268505  35.633806  5.981503      1.196700     147.378198   6     0.018497        0.000126   H-42   -0.023324  1.092140   H-43   -0.013857  1.093993   H-41   -0.017592  1.094130   C-37    0.512106  1.523514     0  Electrophile
39        39       H   6.911401   3.117330  19.310398  12.758278   6.106558  37.571075  1.003697      0.625943    1000.974383   1    -0.003697       -0.000004   C-37    0.512106  1.097985   H-40   -0.021870  1.760777   O-36   -1.062501  2.090060   C-38    0.018497  2.165958     0   Nucleophile
40        40       H   6.978166   3.043520  17.547442  13.109999   6.144434  34.262548  1.021870      0.652157      99.007904   1    -0.021870       -0.000221   C-37    0.512106  1.093973   H-39   -0.003697  1.760777   O-36   -1.062501  2.017176   C-38    0.018497  2.168015     0   Nucleophile
41        41       H   4.741636   2.268122  18.420269   8.859410   4.458949  35.405194  1.017592      0.671426     310.319717   1    -0.017592       -0.000057   C-38    0.018497  1.094130   H-43   -0.013857  1.767581   H-42   -0.023324  1.768871   C-37    0.512106  2.164528     0   Nucleophile
42        42       H   5.583852   0.965153  17.558886  10.669735   2.033947  33.985470  1.023324      0.648290      90.967305   1    -0.023324       -0.000256   C-38    0.018497  1.092140   H-41   -0.017592  1.768871   H-43   -0.013857  1.772096   C-37    0.512106  2.167493     0   Nucleophile
43        43       H   5.548375   0.985688  19.328265  10.246234   2.088835  37.306906  1.013857      0.648100    1029.697706   1    -0.013857       -0.000013   C-38    0.018497  1.093993   H-41   -0.017592  1.767581   H-42   -0.023324  1.772096   C-37    0.512106  2.174513     0   Nucleophile
44        44       H   8.046018   1.034060  19.214164  15.190850   2.463403  37.503170  0.476214      0.313291     619.438439   1     0.523786        0.000846   O-36   -1.062501  0.964306   C-37    0.512106  1.962361   H-39   -0.003697  2.318412   H-43   -0.013857  2.626130     0  Electrophile
45        45       N   8.085000   1.617000  16.945939  16.063977   3.934890  29.348336  8.108685      1.123253     194.110691   7    -1.108685       -0.005712   N-46   -1.079411  1.254567  Li-32   -0.600831  2.029982  Li-20    0.806552  2.112342  Li-29   -0.704712  3.090231     0   Nucleophile
46        46       N   6.988378   1.617000  16.945939  14.407620   2.239116  29.310032  8.079411      1.086158     183.838216   7    -1.079411       -0.005872   N-45   -1.108685  1.254567  Li-29   -0.704712  1.836295  Li-32   -0.600831  2.039261  Li-20    0.806552  2.105193     0   Nucleophile