   ASE Index Element    X (Ang)    Y (Ang)    Z (Ang)   X (Bohr)   Y (Bohr)   Z (Bohr)    CHARGE  Min Distance  Atomic Volume  AN  Charge Gain  Charge Density    1NN  1NN charge  1NN dist    2NN  2NN charge  2NN dist    3NN  3NN charge  3NN dist    4NN  4NN charge  4NN dist  Tags         Class
0          0      Li   1.617037   1.617037  10.000000   3.055757   3.055757  18.897261  2.232720      1.855285     167.352552   3     0.767280    4.584812e-03   Li-9    0.773935  2.800790  Li-10    0.774717  2.800790  Li-10    0.774717  2.800790   Li-9    0.773935  2.800790     4  Electrophile
1          1      Li   4.851111   1.617037  10.000000   9.167271   3.055757  18.897261  4.158408      1.847148     908.386554   3    -1.158408   -1.275237e-03  Li-10    0.774717  2.800790  Li-11    0.777063  2.800790  Li-13    0.774964  2.800790  Li-14    0.776591  2.800790     4   Nucleophile
2          2      Li   8.085185   1.617037  10.000000  15.278785   3.055757  18.897261  4.196089      1.847156     938.851786   3    -1.196089   -1.273991e-03  Li-11    0.777063  2.800790  Li-14    0.776591  2.800790   Li-5   -0.125268  3.234074   Li-1   -1.158408  3.234074     4   Nucleophile
3          3      Li   1.617037   4.851111  10.000000   3.055757   9.167271  18.897261  3.889110      1.846155     922.663823   3    -0.889110   -9.636338e-04  Li-12   -0.191178  2.800790  Li-13    0.774964  2.800790  Li-16   -0.380509  2.800790  Li-15    0.776708  2.800790     4   Nucleophile
4          4      Li   4.851111   4.851111  10.000000   9.167271   9.167271  18.897261  4.012132      1.847144     908.804311   3    -1.012132   -1.113696e-03  Li-14    0.776591  2.800790  Li-16   -0.380509  2.800790  Li-16   -0.380509  2.800790  Li-13    0.774964  2.800790     4   Nucleophile
5          5      Li   8.085185   4.851111  10.000000  15.278785   9.167271  18.897261  3.125268      1.850300     477.497281   3    -0.125268   -2.623429e-04  Li-14    0.776591  2.800790  Li-17    0.776123  2.800790   Li-2   -1.196089  3.234074   Li-4   -1.012132  3.234074     4   Nucleophile
6          6      Li   1.617037   8.085185  10.000000   3.055757  15.278785  18.897261  3.338282      1.847156     551.025568   3    -0.338282   -6.139134e-04  Li-15    0.776708  2.800790  Li-16   -0.380509  2.800790   Li-7   -1.223021  3.234074   Li-3   -0.889110  3.234074     4   Nucleophile
7          7      Li   4.851111   8.085185  10.000000   9.167271  15.278785  18.897261  4.223021      1.859114     841.941083   3    -1.223021   -1.452621e-03  Li-16   -0.380509  2.800790  Li-17    0.776123  2.800790   Li-4   -1.012132  3.234074   Li-8   -2.947673  3.234074     4   Nucleophile
8          8      Li   8.085185   8.085185  10.000000  15.278785  15.278785  18.897261  5.947673      3.215567    1611.540697   3    -2.947673   -1.829102e-03  Li-17    0.776123  2.800790   Li-5   -0.125268  3.234074   Li-5   -0.125268  3.234074  Li-26    0.775052  3.455633     4   Nucleophile
9          9      Li   0.000000   0.000000  11.617037   0.000000   0.000000  21.953018  2.226065      1.834412      37.228195   3     0.773935    2.078895e-02   Li-0    0.767280  2.800790  Li-18    0.809705  3.023218  Li-12   -0.191178  3.234074  Li-10    0.774717  3.234074     3  Electrophile
10        10      Li   3.234074   0.000000  11.617037   6.111514   0.000000  21.953018  2.225283      1.837304      37.961816   3     0.774717    2.040780e-02   Li-1   -1.158408  2.800790   Li-0    0.767280  2.800790  Li-19    0.785888  2.916294  Li-18    0.809705  3.077061     3  Electrophile
11        11      Li   6.468148   0.000000  11.617037  12.223028   0.000000  21.953018  2.222937      1.834421      37.168388   3     0.777063    2.090656e-02   Li-1   -1.158408  2.800790   Li-2   -1.196089  2.800790  Li-19    0.785888  2.957713  Li-20    0.779531  3.028204     3  Electrophile
12        12      Li   0.000000   3.234074  11.617037   0.000000   6.111514  21.953018  3.191178      1.839814     387.528516   3    -0.191178   -4.933263e-04   Li-3   -0.889110  2.800790   Li-0    0.767280  2.800790  Li-21    0.786726  2.951229  Li-18    0.809705  3.055875     3   Nucleophile
13        13      Li   3.234074   3.234074  11.617037   6.111514   6.111514  21.953018  2.225036      1.837308      37.088647   3     0.774964    2.089491e-02   Li-1   -1.158408  2.800790   Li-3   -0.889110  2.800790   Li-3   -0.889110  2.800790   Li-4   -1.012132  2.800790     3  Electrophile
14        14      Li   6.468148   3.234074  11.617037  12.223028   6.111514  21.953018  2.223409      1.837288      37.150668   3     0.776591    2.090382e-02   Li-1   -1.158408  2.800790   Li-4   -1.012132  2.800790   Li-5   -0.125268  2.800790   Li-2   -1.196089  2.800790     3  Electrophile
15        15      Li   0.000000   6.468148  11.617037   0.000000  12.223028  21.953018  2.223292      1.837292      37.079787   3     0.776708    2.094694e-02   Li-3   -0.889110  2.800790   Li-6   -0.338282  2.800790  Li-21    0.786726  2.955101  Li-24    0.781296  3.041433     3  Electrophile
16        16      Li   3.234074   6.468148  11.617037   6.111514  12.223028  21.953018  3.380509      1.839799     403.768754   3    -0.380509   -9.423934e-04   Li-3   -0.889110  2.800790   Li-4   -1.012132  2.800790   Li-7   -1.223021  2.800790   Li-6   -0.338282  2.800790     3   Nucleophile
17        17      Li   6.468148   6.468148  11.617037  12.223028  12.223028  21.953018  2.223877      1.837284      37.817396   3     0.776123    2.052291e-02   Li-4   -1.012132  2.800790   Li-5   -0.125268  2.800790   Li-5   -0.125268  2.800790   Li-8   -2.947673  2.800790     3  Electrophile
18        18      Li   1.617038   1.617038  13.469728   2.959795   2.997756  25.812042  2.190295      1.390308      33.082524   3     0.809705    2.447531e-02  Li-31    0.814242  2.837537  Li-27    0.859170  2.947332   Li-9    0.773935  3.023218  Li-12   -0.191178  3.055875     2  Electrophile
19        19      Li   4.851111   1.617038  13.469729   9.096192   2.993424  25.488865  2.214112      1.892359      37.113898   3     0.785888    2.117503e-02  Li-10    0.774717  2.916294  Li-13    0.774964  2.952647  Li-11    0.777063  2.957713  Li-32    0.748370  2.964987     2  Electrophile
20        20      Li   8.085184   1.617038  13.469728  15.345047   3.186508  25.537137  2.220469      1.888142      38.714487   3     0.779531    2.013538e-02  Li-14    0.776591  2.953386  Li-29   -2.436732  2.982748  Li-11    0.777063  3.028204  Li-32    0.748370  3.028409     2  Electrophile
21        21      Li   1.617038   4.851111  13.469729   3.039759   9.160590  25.497888  2.213274      1.892188      37.065168   3     0.786726    2.122548e-02  Li-30    0.805838  2.929142  Li-12   -0.191178  2.951229  Li-15    0.776708  2.955101  Li-13    0.774964  2.960492     2  Electrophile
22        22      Li   4.851111   4.851111  13.469730   9.035133   9.077893  25.459176  3.536158      1.883271     671.729799   3    -0.536158   -7.981751e-04  Li-13    0.774964  2.880985  Li-32    0.748370  2.894716  Li-16   -0.380509  2.933598  Li-34    0.615239  2.939467     2   Nucleophile
23        23      Li   8.085184   4.851111  13.469729  15.235217   9.260517  25.469107  2.212227      1.880275      35.822087   3     0.787773    2.199126e-02  Li-17    0.776123  2.908676  Li-35   -0.253824  2.941747  Li-14    0.776591  2.963032  Li-32    0.748370  3.028579     2  Electrophile
24        24      Li   1.617038   8.085184  13.469728   3.146984  15.381652  25.579734  2.218704      1.900644      38.812392   3     0.781296    2.013007e-02  Li-33   -2.137142  2.948145  Li-16   -0.380509  2.989660  Li-15    0.776708  3.041433  Li-34    0.615239  3.077980     2  Electrophile
25        25      Li   4.851111   8.085184  13.469729   9.136664  15.194908  25.490877  2.211550      1.880911      35.881893   3     0.788450    2.197348e-02  Li-16   -0.380509  2.922479  Li-17    0.776123  2.940348  Li-35   -0.253824  2.971230  Li-34    0.615239  3.035962     2  Electrophile
26        26      Li   8.085184   8.085184  13.469728  15.397784  15.416321  25.424929  2.224948      1.884027      38.285212   3     0.775052    2.024416e-02  Li-17    0.776123  3.008890  Li-35   -0.253824  3.092082  Li-23    0.787773  3.258731  Li-25    0.788450  3.315497     2  Electrophile
27        27      Li  -0.000000  -0.000000  15.445939   0.398039   0.776982  30.230931  2.140830      1.317207      31.887731   3     0.859170    2.694359e-02  Li-18    0.809705  2.947332  Li-30    0.805838  3.123269  Li-28    0.807819  3.205355  Li-31    0.814242  3.904113     1  Electrophile
28        28      Li   3.234074   0.000000  15.445939   6.331848  -0.144564  29.436664  2.192181      1.220682      65.833677   3     0.807819    1.227060e-02  Li-19    0.785888  3.043283  Li-18    0.809705  3.102928  Li-31    0.814242  3.128037  Li-29   -2.436732  3.167717     1  Electrophile
29        29      Li   6.468148   0.000000  15.445939  12.295048  -0.140582  28.913374  5.436732      2.618501     820.401581   3    -2.436732   -2.970170e-03  Li-20    0.779531  2.982748  Li-19    0.785888  2.983262  Li-28    0.807819  3.167717  Li-32    0.748370  3.361807     1   Nucleophile
30        30      Li   0.000000   3.234074  15.445939  -0.089191   6.578951  29.264066  2.194162      1.213722      51.624632   3     0.805838    1.560956e-02  Li-21    0.786726  2.929142  Li-18    0.809705  3.087319  Li-27    0.859170  3.123269  Li-33   -2.137142  3.137085     1  Electrophile
31        31      Li   3.234076   3.234076  15.445938   5.797262   5.742344  29.440934  2.185758      1.329875      56.914150   3     0.814242    1.430649e-02  Li-18    0.809705  2.837537  Li-19    0.785888  3.088253  Li-21    0.786726  3.123304  Li-28    0.807819  3.128037     1  Electrophile
32        32      Li   6.468146   3.234076  15.445938  11.988437   6.203304  29.056125  2.251630      1.917613     107.042744   3     0.748370    6.991319e-03  Li-22   -0.536158  2.894716  Li-19    0.785888  2.964987  Li-20    0.779531  3.028409  Li-23    0.787773  3.028579     1  Electrophile
33        33      Li   0.000000   6.468148  15.445939  -0.108420  12.503863  29.066680  5.137142      3.297310    1100.328277   3    -2.137142   -1.942277e-03  Li-24    0.781296  2.948145  Li-21    0.786726  3.077646  Li-30    0.805838  3.137085  Li-34    0.615239  3.334385     1   Nucleophile
34        34      Li   3.234076   6.468146  15.445938   6.170423  11.997088  29.217819  2.384761      1.923914     249.586393   3     0.615239    2.465034e-03  Li-22   -0.536158  2.939467  Li-21    0.786726  2.978693  Li-25    0.788450  3.035962  Li-24    0.781296  3.077980     1  Electrophile
35        35      Li   6.468146   6.468146  15.445938  12.207029  12.183649  29.100764  3.253824      1.914188     502.860830   3    -0.253824   -5.047599e-04  Li-23    0.787773  2.941747  Li-25    0.788450  2.971230  Li-22   -0.536158  3.038408  Li-26    0.775052  3.092082     1   Nucleophile
36        36       O   9.702222   9.702222  18.445939  17.608759  18.628610  33.757574  9.144175      1.317097     242.869946   8    -1.144175   -4.711060e-03   H-44    0.528307  0.966445   C-37    0.484555  1.451500   H-40   -0.009120  2.024192   H-39   -0.000534  2.085232     0   Nucleophile
37        37       C   8.519814  10.518979  18.450238  15.722502  19.979386  35.220839  5.515445      0.824170      80.629709   6     0.484555    6.009633e-03   H-40   -0.009120  1.091316   H-39   -0.000534  1.095288   O-36   -1.144175  1.451500   C-38    0.022663  1.519629     0  Electrophile
38        38       C   7.235600   9.699361  18.435704  13.604440  18.264215  36.125584  5.977337      1.184100     205.411830   6     0.022663    1.103296e-04   H-42   -0.018185  1.092699   H-41    0.005499  1.093158   H-43   -0.011344  1.093543   C-37    0.484555  1.519629     0  Electrophile
39        39       H   8.528438  11.202515  19.310398  16.649002  20.929444  36.809246  1.000534      0.645870     826.110627   1    -0.000534   -6.464025e-07   C-37    0.484555  1.095288   H-40   -0.009120  1.768079   O-36   -1.144175  2.085232   C-38    0.022663  2.171575     0   Nucleophile
40        40       H   8.595203  11.128705  17.547442  15.011903  21.431272  33.940170  1.009120      0.619364     114.999614   1    -0.009120   -7.930461e-05   C-37    0.484555  1.091316   H-39   -0.000534  1.768079   O-36   -1.144175  2.024192   C-38    0.022663  2.168157     0   Nucleophile
41        41       H   6.358673  10.353307  18.420269  12.209077  19.368871  37.174442  0.994501      0.636857     891.648375   1     0.005499    6.167229e-06   C-38    0.022663  1.093158   H-42   -0.018185  1.769820   H-43   -0.011344  1.770398   C-37    0.484555  2.151705     0  Electrophile
42        42       H   7.200889   9.050338  17.558886  12.645024  17.359746  34.536472  1.018185      0.634756     119.593166   1    -0.018185   -1.520572e-04   C-38    0.022663  1.092699   H-41    0.005499  1.769820   H-43   -0.011344  1.773487   C-37    0.484555  2.169094     0   Nucleophile
43        43       H   7.165412   9.070873  19.328265  14.328268  16.788058  37.377558  1.011344      0.634296     952.510172   1    -0.011344   -1.190958e-05   C-38    0.022663  1.093543   H-41    0.005499  1.770398   H-42   -0.018185  1.773487   C-37    0.484555  2.167683     0   Nucleophile
44        44       H   9.663055   9.119245  19.214164  18.150860  17.161009  34.699755  0.471693      0.296782     386.656233   1     0.528307    1.366348e-03   O-36   -1.144175  0.966445   C-37    0.484555  1.987883   H-39   -0.000534  2.419598   H-43   -0.011344  2.477653     0  Electrophile
45        45       N   9.702000   9.702000  16.945939  22.276278  20.708088  29.664079  8.083792      1.109583     318.748834   7    -1.083792   -3.400144e-03   N-46   -1.090880  1.253722   O-36   -1.144175  3.464662   H-44    0.528307  3.923016   H-40   -0.009120  4.477074     0   Nucleophile
46        46       N   9.702000  10.798622  16.945939  20.657261  22.436040  29.586394  8.090880      1.096976     266.309067   7    -1.090880   -4.096293e-03   N-45   -1.083792  1.253722   O-36   -1.144175  3.396173   H-40   -0.009120  3.809892   H-44    0.528307  4.107672     0   Nucleophile