   ASE Index Element    X (Ang)    Y (Ang)    Z (Ang)   X (Bohr)   Y (Bohr)   Z (Bohr)    CHARGE  Min Distance  Atomic Volume  AN  Charge Gain  Charge Density    1NN  1NN charge  1NN dist    2NN  2NN charge  2NN dist    3NN  3NN charge  3NN dist    4NN  4NN charge  4NN dist  Tags         Class
0          0      Li   1.617037   1.617037  10.000000   3.055757   3.055757  18.897261  6.024032      3.215581    1562.506777   3    -3.024032       -0.001935   Li-9   -0.216277  2.800790  Li-10    0.777780  2.800790   Li-9   -0.216277  2.800790  Li-12   -0.117586  2.800790     4   Nucleophile
1          1      Li   4.851111   1.617037  10.000000   9.167271   3.055757  18.897261  2.233856      1.847146     182.049349   3     0.766144        0.004208  Li-10    0.777780  2.800790  Li-11    0.776497  2.800790  Li-14    0.776685  2.800790  Li-11    0.776497  2.800790     4  Electrophile
2          2      Li   8.085185   1.617037  10.000000  15.278785   3.055757  18.897261  4.047675      1.847165     900.671123   3    -1.047675       -0.001163  Li-11    0.776497  2.800790  Li-14    0.776685  2.800790   Li-5   -0.106303  3.234074   Li-1    0.766144  3.234074     4   Nucleophile
3          3      Li   1.617037   4.851111  10.000000   3.055757   9.167271  18.897261  4.110182      1.846149     934.811551   3    -1.110182       -0.001188  Li-12   -0.117586  2.800790  Li-13   -1.077589  2.800790  Li-16    0.776581  2.800790  Li-15    0.776085  2.800790     4   Nucleophile
4          4      Li   4.851111   4.851111  10.000000   9.167271   9.167271  18.897261  2.228177      1.853182     142.711106   3     0.771823        0.005408  Li-14    0.776685  2.800790  Li-16    0.776581  2.800790  Li-17    0.776988  2.800790  Li-13   -1.077589  2.800790     4  Electrophile
5          5      Li   8.085185   4.851111  10.000000  15.278785   9.167271  18.897261  3.106303      1.847151     524.144716   3    -0.106303       -0.000203  Li-14    0.776685  2.800790  Li-17    0.776988  2.800790   Li-8   -0.094471  3.234074   Li-4    0.771823  3.234074     4   Nucleophile
6          6      Li   1.617037   8.085185  10.000000   3.055757  15.278785  18.897261  2.230457      1.846166     162.887029   3     0.769543        0.004724  Li-15    0.776085  2.800790  Li-16    0.776581  2.800790   Li-3   -1.110182  3.234074   Li-7   -2.858296  3.234074     4  Electrophile
7          7      Li   4.851111   8.085185  10.000000   9.167271  15.278785  18.897261  5.858296      3.215571    1576.020299   3    -2.858296       -0.001814  Li-16    0.776581  2.800790  Li-17    0.776988  2.800790   Li-8   -0.094471  3.234074   Li-6    0.769543  3.234074     4   Nucleophile
8          8      Li   8.085185   8.085185  10.000000  15.278785  15.278785  18.897261  3.094471      1.847171     515.591556   3    -0.094471       -0.000183  Li-17    0.776988  2.800790   Li-5   -0.106303  3.234074   Li-5   -0.106303  3.234074  Li-26    0.789269  3.520952     4   Nucleophile
9          9      Li   0.000000   0.000000  11.617037   0.000000   0.000000  21.953018  3.216277      1.825815     428.799604   3    -0.216277       -0.000504   Li-0   -3.024032  2.800790  Li-18    0.781236  2.886074  Li-10    0.777780  3.234074  Li-12   -0.117586  3.234074     3   Nucleophile
10        10      Li   3.234074   0.000000  11.617037   6.111514   0.000000  21.953018  2.222220      1.832999      36.524255   3     0.777780        0.021295   Li-1    0.766144  2.800790   Li-0   -3.024032  2.800790  Li-18    0.781236  2.903098  Li-19    0.789528  2.936946     3  Electrophile
11        11      Li   6.468148   0.000000  11.617037  12.223028   0.000000  21.953018  2.223503      1.837292      37.210031   3     0.776497        0.020868   Li-1    0.766144  2.800790   Li-2   -1.047675  2.800790  Li-20    0.787596  2.944527  Li-19    0.789528  2.976415     3  Electrophile
12        12      Li   0.000000   3.234074  11.617037   0.000000   6.111514  21.953018  3.117586      1.825811     388.317071   3    -0.117586       -0.000303   Li-3   -1.110182  2.800790   Li-0   -3.024032  2.800790  Li-18    0.781236  2.904123  Li-21    0.788682  2.932103     3   Nucleophile
13        13      Li   3.234074   3.234074  11.617037   6.111514   6.111514  21.953018  4.077589      1.832996     757.550234   3    -1.077589       -0.001422   Li-1    0.766144  2.800790   Li-3   -1.110182  2.800790   Li-3   -1.110182  2.800790   Li-4    0.771823  2.800790     3   Nucleophile
14        14      Li   6.468148   3.234074  11.617037  12.223028   6.111514  21.953018  2.223315      1.837296      37.096178   3     0.776685        0.020937   Li-1    0.766144  2.800790   Li-4    0.771823  2.800790   Li-5   -0.106303  2.800790   Li-2   -1.047675  2.800790     3  Electrophile
15        15      Li   0.000000   6.468148  11.617037   0.000000  12.223028  21.953018  2.223915      1.838175      37.123202   3     0.776085        0.020906   Li-3   -1.110182  2.800790   Li-6    0.769543  2.800790  Li-21    0.788682  2.947489  Li-24    0.788885  2.955510     3  Electrophile
16        16      Li   3.234074   6.468148  11.617037   6.111514  12.223028  21.953018  2.223419      1.837296      37.031499   3     0.776581        0.020971   Li-3   -1.110182  2.800790   Li-4    0.771823  2.800790   Li-6    0.769543  2.800790   Li-7   -2.858296  2.800790     3  Electrophile
17        17      Li   6.468148   6.468148  11.617037  12.223028  12.223028  21.953018  2.223012      1.837300      37.023082   3     0.776988        0.020987   Li-4    0.771823  2.800790   Li-5   -0.106303  2.800790   Li-7   -2.858296  2.800790   Li-8   -0.094471  2.800790     3  Electrophile
18        18      Li   1.617038   1.617038  13.469728   3.026962   3.025224  25.333910  2.218764      1.862833      37.599878   3     0.781236        0.020778   Li-9   -0.216277  2.886074  Li-10    0.777780  2.903098  Li-12   -0.117586  2.904123  Li-13   -1.077589  2.921043     2  Electrophile
19        19      Li   4.851111   1.617038  13.469729   9.099083   3.071602  25.480404  2.210472      1.881763      35.625391   3     0.789528        0.022162  Li-13   -1.077589  2.927698  Li-10    0.777780  2.936946  Li-32   -0.292423  2.964955  Li-14    0.776685  2.967290     2  Electrophile
20        20      Li   8.085184   1.617038  13.469728  15.293970   3.029147  25.468066  2.212404      1.885321      36.122003   3     0.787596        0.021804  Li-11    0.776497  2.944527  Li-14    0.776685  2.959952  Li-32   -0.292423  3.004581  Li-29   -0.399972  3.009668     2  Electrophile
21        21      Li   1.617038   4.851111  13.469729   3.012307   9.140841  25.481537  2.211318      1.886440      35.961191   3     0.788682        0.021931  Li-12   -0.117586  2.932103  Li-15    0.776085  2.947489  Li-13   -1.077589  2.957355  Li-16    0.776581  2.972610     2  Electrophile
22        22      Li   4.851111   4.851111  13.469730   9.158975   9.190806  25.459554  2.211502      1.888668      35.851768   3     0.788498        0.021993  Li-16    0.776581  2.935726  Li-17    0.776988  2.940559  Li-13   -1.077589  2.949414  Li-14    0.776685  2.954224     2  Electrophile
23        23      Li   8.085184   4.851111  13.469729  15.329361   9.106490  25.522385  2.210625      1.889543      36.131749   3     0.789375        0.021847  Li-14    0.776685  2.963372  Li-32   -0.292423  2.982011  Li-17    0.776988  2.998268  Li-35    0.766890  3.020664     2  Electrophile
24        24      Li   1.617038   8.085184  13.469728   2.981702  15.306105  25.530375  2.211115      1.882922      36.075930   3     0.788885        0.021867  Li-15    0.776085  2.955510  Li-34   -0.302125  2.987744  Li-16    0.776581  2.998085  Li-33    0.315700  3.018848     2  Electrophile
25        25      Li   4.851111   8.085184  13.469729   9.161610  15.257221  25.437545  2.211792      1.887272      35.795063   3     0.788208        0.022020  Li-16    0.776581  2.929718  Li-17    0.776988  2.933023  Li-34   -0.302125  2.993509  Li-35    0.766890  3.013380     2  Electrophile
26        26      Li   8.085184   8.085184  13.469728  15.327691  15.297462  25.550691  2.210731      1.892148      36.261994   3     0.789269        0.021766  Li-35    0.766890  2.994887  Li-17    0.776988  2.995083  Li-25    0.788208  3.263568  Li-23    0.789375  3.276156     2  Electrophile
27        27      Li  -0.000000  -0.000000  15.445939  -0.123418  -0.027215  29.460781  2.915963      1.280260     258.101897   3     0.084037        0.000326   N-45   -0.474577  1.973860   N-46   -0.191372  3.100113  Li-18    0.781236  3.187094  Li-30   -1.213381  3.195499     1  Electrophile
28        28      Li   3.234074   0.000000  15.445939   6.169772  -0.107283  29.103058  4.504488      2.507466     730.394274   3    -1.504488       -0.002060  Li-19    0.789528  2.984568  Li-18    0.781236  3.080899  Li-29   -0.399972  3.151285  Li-27    0.084037  3.335858     1   Nucleophile
29        29      Li   6.468148   0.000000  15.445939  12.123551   0.016466  29.103897  3.399972      1.902527     328.089219   3    -0.399972       -0.001219  Li-19    0.789528  2.975226  Li-20    0.787596  3.009668  Li-28   -1.504488  3.151285  Li-32   -0.292423  3.216130     1   Nucleophile
30        30      Li   0.000000   3.234074  15.445939  -0.046873   6.009107  29.312860  4.213381      1.426331     396.666004   3    -1.213381       -0.003059   N-46   -0.191372  2.246080   N-45   -0.474577  2.258616  Li-21    0.788682  3.078583  Li-18    0.781236  3.093948     1   Nucleophile
31        31      Li   3.234076   3.234076  15.445938   6.181456   6.267627  29.219303  4.157105      2.029533     555.248322   3    -1.157105       -0.002084  Li-22    0.788498  2.972182  Li-21    0.788682  3.006069  Li-19    0.789528  3.026343   N-46   -0.191372  3.054068     1   Nucleophile
32        32      Li   6.468146   3.234076  15.445938  12.156373   6.093907  29.073693  3.292423      1.911916     302.706621   3    -0.292423       -0.000966  Li-19    0.789528  2.964955  Li-22    0.788498  2.976460  Li-23    0.789375  2.982011  Li-20    0.787596  3.004581     1   Nucleophile
33        33      Li   0.000000   6.468148  15.445939   0.019866  12.137270  29.235874  2.684300      1.921001     270.565047   3     0.315700        0.001167  Li-21    0.788682  2.994803  Li-24    0.788885  3.018848  Li-34   -0.302125  3.214561  Li-30   -1.213381  3.243333     1  Electrophile
34        34      Li   3.234076   6.468146  15.445938   6.092290  12.250491  29.117154  3.302125      1.907186     573.860426   3    -0.302125       -0.000526  Li-24    0.788885  2.987744  Li-25    0.788208  2.993509  Li-22    0.788498  3.000219  Li-21    0.788682  3.010917     1   Nucleophile
35        35      Li   6.468146   6.468146  15.445938  12.229474  12.229302  29.158677  2.233110      1.918918     112.331376   3     0.766890        0.006827  Li-26    0.789269  2.994887  Li-22    0.788498  3.009522  Li-25    0.788208  3.013380  Li-23    0.789375  3.020664     1  Electrophile
36        36       O   0.000000   1.617037  19.645939  -0.262322   3.170649  38.537690  9.046273      1.305470     936.801544   8    -1.046273       -0.001117   H-44    0.517241  0.964761   C-37    0.506891  1.437532   H-40    0.010579  2.018327   H-39   -0.008267  2.089162     0   Nucleophile
37        37       C  -1.182408   2.433794  19.650238  -2.473588   4.655903  38.004844  5.493109      0.847195      82.789374   6     0.506891        0.006123   H-40    0.010579  1.092330   H-39   -0.008267  1.097653   O-36   -1.046273  1.437532   C-38    0.016516  1.524610     0  Electrophile
38        38       C  -2.466622   1.614176  19.635704  -4.748281   3.066013  37.231067  5.983484      1.189754     136.393366   6     0.016516        0.000121   H-42   -0.017814  1.092795   H-41   -0.003791  1.094394   H-43   -0.013309  1.094683   C-37    0.506891  1.524610     0  Electrophile
39        39       H  -1.173784   3.117330  20.510398  -2.952124   5.843264  39.636944  1.008267      0.630199    1000.287721   1    -0.008267       -0.000008   C-37    0.506891  1.097653   H-40    0.010579  1.764110   O-36   -1.046273  2.089162   C-38    0.016516  2.164299     0   Nucleophile
40        40       H  -1.107019   3.043520  18.747442  -1.913597   5.917516  36.470020  0.989421      0.611639     135.671706   1     0.010579        0.000078   C-37    0.506891  1.092330   H-39   -0.008267  1.764110   O-36   -1.046273  2.018327   C-38    0.016516  2.165473     0  Electrophile
41        41       H  -3.343549   2.268122  19.620269  -6.358941   4.285854  36.789678  1.003791      0.624089     274.420104   1    -0.003791       -0.000014   C-38    0.016516  1.094394   H-43   -0.013309  1.768204   H-42   -0.017814  1.774882   C-37    0.506891  2.163133     0   Nucleophile
42        42       H  -2.501333   0.965153  18.758886  -4.315250   1.925029  35.565172  1.017814      0.647892     116.358763   1    -0.017814       -0.000153   C-38    0.016516  1.092795   H-43   -0.013309  1.773225   H-41   -0.003791  1.774882   C-37    0.506891  2.169071     0   Nucleophile
43        43       H  -2.536810   0.985688  20.528265  -5.320305   1.794351  38.759132  1.013309      0.640756     841.453774   1    -0.013309       -0.000016   C-38    0.016516  1.094683   H-41   -0.003791  1.768204   H-42   -0.017814  1.773225   C-37    0.506891  2.172930     0   Nucleophile
44        44       H  -0.039167   1.034060  20.414164  -0.640035   2.092753  39.958706  0.482759      0.289788     606.803402   1     0.517241        0.000852   O-36   -1.046273  0.964761   C-37    0.506891  1.962187   H-39   -0.008267  2.337719   H-43   -0.013309  2.561620     0  Electrophile
45        45       N   0.000000   1.617000  16.945939   1.076334   2.677193  31.732361  7.474577      0.973384     195.288206   7    -0.474577       -0.002430   N-46   -0.191372  1.141168  Li-27    0.084037  1.973860  Li-30   -1.213381  2.258616  Li-28   -1.504488  3.372219     0   Nucleophile
46        46       N   0.000000   1.617000  18.042561   1.963269   4.396364  32.685391  7.191372      0.916957     261.606092   7    -0.191372       -0.000732   N-45   -0.474577  1.141168  Li-30   -1.213381  2.246080   H-40    0.010579  2.977881  Li-31   -1.157105  3.054068     0   Nucleophile