   Atom                     Volume(s)
  ------------------------------------------------------------------------
     1   ...       7   36
     2   ...      45   64   71   79
     3   ...      87
     4   ...      38   46
     5   ...      68   72
     6   ...      13   17   19   88
     7   ...      39   44
     8   ...      69   73
     9   ...       9   24   25   26   27   28   89
    10   ...       1
    11   ...      30   59
    12   ...      65   83
    13   ...      14
    14   ...      32   56
    15   ...      84
    16   ...      21   22
    17   ...      34   58
    18   ...      66   82
    19   ...      37   41
    20   ...      70
    21   ...      12
    22   ...      42
    23   ...      74
    24   ...      90
    25   ...      43
    26   ...      75
    27   ...      91
    28   ...       2    3
    29   ...      31   40   54
    30   ...      67   80   86
    31   ...      15   16
    32   ...      33   52
    33   ...      63   76   85
    34   ...      20   35
    35   ...      48   49   55   57
    36   ...      23   81
    37   ...       6
    38   ...      78
    39   ...      60
    40   ...      10
    41   ...      50
    42   ...      77
    43   ...      29
    44   ...      62
    45   ...      61
    46   ...      18
    47   ...      11
    48   ...      53
    49   ...      51
    50   ...      47
    51   ...       5
    52   ...       4
    53   ...       8
  ------------------------------------------------------------------------
