   ASE Index Element    X (Ang)    Y (Ang)    Z (Ang)   X (Bohr)   Y (Bohr)   Z (Bohr)    CHARGE  Min Distance  Atomic Volume  AN  Charge Gain  Charge Density    1NN  1NN charge  1NN dist    2NN  2NN charge  2NN dist    3NN  3NN charge  3NN dist    4NN  4NN charge  4NN dist  Tags         Class
0          0      Li   1.617037   1.617037  10.000000   3.055757   3.055757  18.897261  4.327863      1.847150     927.641906   3    -1.327863       -0.001431   Li-9    0.774755  2.800790  Li-10    0.776590  2.800790  Li-13    0.776809  2.800790  Li-10    0.776590  2.800790     4   Nucleophile
1          1      Li   4.851111   1.617037  10.000000   9.167271   3.055757  18.897261  4.088284      1.846159     924.615274   3    -1.088284       -0.001177  Li-10    0.776590  2.800790  Li-11   -0.279140  2.800790  Li-13    0.776809  2.800790  Li-14    0.775278  2.800790     4   Nucleophile
2          2      Li   8.085185   1.617037  10.000000  15.278785   3.055757  18.897261  2.231481      1.859445     166.662788   3     0.768519        0.004611  Li-11   -0.279140  2.800790  Li-14    0.775278  2.800790   Li-5   -2.267127  3.234074   Li-1   -1.088284  3.234074     4  Electrophile
3          3      Li   1.617037   4.851111  10.000000   3.055757   9.167271  18.897261  3.087515      1.850304     525.611516   3    -0.087515       -0.000167  Li-12    0.774602  2.800790  Li-13    0.776809  2.800790  Li-15    0.776396  2.800790  Li-12    0.774602  2.800790     4   Nucleophile
4          4      Li   4.851111   4.851111  10.000000   9.167271   9.167271  18.897261  4.962141      1.855282    1194.643395   3    -1.962141       -0.001642  Li-14    0.775278  2.800790  Li-16   -0.147103  2.800790  Li-16   -0.147103  2.800790  Li-13    0.776809  2.800790     4   Nucleophile
5          5      Li   8.085185   4.851111  10.000000  15.278785   9.167271  18.897261  5.267127      1.847139    1312.979747   3    -2.267127       -0.001727  Li-14    0.775278  2.800790  Li-17    0.776507  2.800790   Li-2    0.768519  3.234074   Li-8   -0.181807  3.234074     4   Nucleophile
6          6      Li   1.617037   8.085185  10.000000   3.055757  15.278785  18.897261  4.209795      1.855275     837.433474   3    -1.209795       -0.001445  Li-15    0.776396  2.800790  Li-16   -0.147103  2.800790   Li-3   -0.087515  3.234074   Li-7   -0.993529  3.234074     4   Nucleophile
7          7      Li   4.851111   8.085185  10.000000   9.167271  15.278785  18.897261  3.993529      1.847169     881.924788   3    -0.993529       -0.001127  Li-16   -0.147103  2.800790  Li-17    0.776507  2.800790   Li-4   -1.962141  3.234074   Li-8   -0.181807  3.234074     4   Nucleophile
8          8      Li   8.085185   8.085185  10.000000  15.278785  15.278785  18.897261  3.181807      1.847146     537.427874   3    -0.181807       -0.000338  Li-17    0.776507  2.800790   Li-5   -2.267127  3.234074   Li-7   -0.993529  3.234074  Li-26    0.785677  3.503527     4   Nucleophile
9          9      Li   0.000000   0.000000  11.617037   0.000000   0.000000  21.953018  2.225245      1.837300      37.576399   3     0.774755        0.020618   Li-0   -1.327863  2.800790  Li-18    0.785691  2.929882  Li-12    0.774602  3.234074  Li-10    0.776590  3.234074     3  Electrophile
10        10      Li   3.234074   0.000000  11.617037   6.111514   0.000000  21.953018  2.223410      1.833280      36.779870   3     0.776590        0.021115   Li-1   -1.088284  2.800790   Li-0   -1.327863  2.800790  Li-18    0.785691  2.930756  Li-19    0.784410  2.990733     3  Electrophile
11        11      Li   6.468148   0.000000  11.617037  12.223028   0.000000  21.953018  3.279140      1.839804     410.698289   3    -0.279140       -0.000680   Li-1   -1.088284  2.800790   Li-2    0.768519  2.800790  Li-19    0.784410  2.955248  Li-20    0.806827  3.003817     3   Nucleophile
12        12      Li   0.000000   3.234074  11.617037   0.000000   6.111514  21.953018  2.225398      1.837304      36.997830   3     0.774602        0.020936   Li-3   -0.087515  2.800790   Li-0   -1.327863  2.800790  Li-21    0.787340  2.887942  Li-18    0.785691  2.995647     3  Electrophile
13        13      Li   3.234074   3.234074  11.617037   6.111514   6.111514  21.953018  2.223191      1.837292      36.948656   3     0.776809        0.021024   Li-1   -1.088284  2.800790   Li-3   -0.087515  2.800790   Li-3   -0.087515  2.800790   Li-4   -1.962141  2.800790     3  Electrophile
14        14      Li   6.468148   3.234074  11.617037  12.223028   6.111514  21.953018  2.224722      1.833281      37.754488   3     0.775278        0.020535   Li-1   -1.088284  2.800790   Li-4   -1.962141  2.800790   Li-5   -2.267127  2.800790   Li-2    0.768519  2.800790     3  Electrophile
15        15      Li   0.000000   6.468148  11.617037   0.000000  12.223028  21.953018  2.223604      1.834403      36.727152   3     0.776396        0.021140   Li-3   -0.087515  2.800790   Li-6   -1.209795  2.800790  Li-21    0.787340  2.935687  Li-24    0.778755  2.957385     3  Electrophile
16        16      Li   3.234074   6.468148  11.617037   6.111514  12.223028  21.953018  3.147103      1.837296     413.627016   3    -0.147103       -0.000356   Li-3   -0.087515  2.800790   Li-4   -1.962141  2.800790   Li-7   -0.993529  2.800790   Li-6   -1.209795  2.800790     3   Nucleophile
17        17      Li   6.468148   6.468148  11.617037  12.223028  12.223028  21.953018  2.223493      1.837284      36.713862   3     0.776507        0.021150   Li-4   -1.962141  2.800790   Li-5   -2.267127  2.800790   Li-5   -2.267127  2.800790   Li-8   -0.181807  2.800790     3  Electrophile
18        18      Li   1.617038   1.617038  13.469728   3.054260   2.941905  25.512717  2.214309      1.893518      37.343820   3     0.785691        0.021039   Li-9    0.774755  2.929882  Li-10    0.776590  2.930756  Li-31   -0.058196  2.970740  Li-27    0.811569  2.971177     2  Electrophile
19        19      Li   4.851111   1.617038  13.469729   9.228914   3.147432  25.462549  2.215590      1.891157      37.302177   3     0.784410        0.021029  Li-14    0.775278  2.901673  Li-13    0.776809  2.937805  Li-11   -0.279140  2.955248  Li-28   -0.899726  2.961711     2  Electrophile
20        20      Li   8.085184   1.617038  13.469728  15.339397   3.108738  25.537067  2.193173      1.372233      32.051201   3     0.806827        0.025173   N-46   -1.094115  2.088092   N-45   -1.107068  2.109416  Li-29    0.819995  2.779061  Li-14    0.775278  2.973478     2  Electrophile
21        21      Li   1.617038   4.851111  13.469729   2.929992   9.086037  25.467388  2.212660      1.888189      36.125547   3     0.787340        0.021795  Li-12    0.774602  2.887942  Li-31   -0.058196  2.894089  Li-33   -0.706193  2.908153  Li-15    0.776396  2.935687     2  Electrophile
22        22      Li   4.851111   4.851111  13.469730   9.068069   9.307670  25.425471  2.212657      1.884751      35.786646   3     0.787343        0.022001  Li-16   -0.147103  2.864333  Li-32   -0.914045  2.899597  Li-17    0.776507  2.923004  Li-34   -1.302906  2.945852     2  Electrophile
23        23      Li   8.085184   4.851111  13.469729  15.210169   9.240325  25.480987  2.214512      1.892937      37.070484   3     0.785488        0.021189  Li-32   -0.914045  2.892404  Li-17    0.776507  2.911249  Li-14    0.775278  2.953882  Li-35    0.752947  3.090489     2  Electrophile
24        24      Li   1.617038   8.085184  13.469728   3.145395  15.218681  25.469485  2.221245      1.890884      39.730748   3     0.778755        0.019601  Li-16   -0.147103  2.905050  Li-15    0.776396  2.957385  Li-34   -1.302906  2.960633  Li-33   -0.706193  3.046902     2  Electrophile
25        25      Li   4.851111   8.085184  13.469729   9.335817  15.411983  25.438040  2.985048      1.884534     232.716641   3     0.014952        0.000064  Li-35    0.752947  2.869743  Li-17    0.776507  2.929692  Li-16   -0.147103  3.026548  Li-34   -1.302906  3.091519     2  Electrophile
26        26      Li   8.085184   8.085184  13.469728  15.419551  15.378513  25.515720  2.214323      1.894922      37.169274   3     0.785677        0.021138  Li-35    0.752947  2.973632  Li-17    0.776507  3.033791  Li-25    0.014952  3.219685  Li-23    0.785488  3.250131     2  Electrophile
27        27      Li  -0.000000  -0.000000  15.445939   0.303929  -0.149705  29.307793  2.188431      1.240238      55.384886   3     0.811569        0.014653  Li-18    0.785691  2.971177  Li-30    0.819145  3.137080  Li-28   -0.899726  3.272609   Li-9    0.774755  3.896106     1  Electrophile
28        28      Li   3.234074   0.000000  15.445939   6.484087  -0.121869  29.082219  3.899726      1.926233     543.163501   3    -0.899726       -0.001656  Li-19    0.784410  2.961711  Li-18    0.785691  3.080691  Li-27    0.811569  3.272609  Li-29    0.819995  3.373311     1   Nucleophile
29        29      Li   6.468148   0.000000  15.445939  12.821470   0.513793  29.345780  2.180005      1.321046      41.828392   3     0.819995        0.019604   N-45   -1.107068  2.027882   N-46   -1.094115  2.046276   H-42   -0.037463  2.719352  Li-20    0.806827  2.779061     1  Electrophile
30        30      Li   0.000000   3.234074  15.445939  -0.409144   5.733769  29.449461  2.180855      1.323702      49.470726   3     0.819145        0.016558  Li-27    0.811569  3.137080  Li-18    0.785691  3.143492  Li-21    0.787340  3.272542  Li-33   -0.706193  3.337686     1  Electrophile
31        31      Li   3.234076   3.234076  15.445938   5.869887   6.229359  29.087713  3.058196      1.920128     326.504579   3    -0.058196       -0.000178  Li-21    0.787340  2.894089  Li-18    0.785691  2.970740  Li-22    0.787343  3.045247  Li-19    0.784410  3.082117     1   Nucleophile
32        32      Li   6.468146   3.234076  15.445938  12.088282   6.455863  28.998959  3.914045      1.213067     418.771227   3    -0.914045       -0.002183   N-46   -1.094115  1.835270  Li-23    0.785488  2.892404  Li-22    0.787343  2.899597   H-40   -0.002967  2.935137     1   Nucleophile
33        33      Li   0.000000   6.468148  15.445939   0.103087  12.013606  29.160586  3.706193      1.933310     805.875342   3    -0.706193       -0.000876  Li-21    0.787340  2.908153  Li-24    0.778755  3.046902  Li-34   -1.302906  3.189894  Li-30    0.819145  3.337686     1   Nucleophile
34        34      Li   3.234076   6.468146  15.445938   6.127201  12.229813  29.140605  4.302906      3.411931    1049.991026   3    -1.302906       -0.001241  Li-22    0.787343  2.945852  Li-24    0.778755  2.960633  Li-21    0.787340  3.067311  Li-25    0.014952  3.091519     1   Nucleophile
35        35      Li   6.468146   6.468146  15.445938  12.137439  12.603357  29.135575  2.247053      1.921965     147.102647   3     0.752947        0.005119  Li-25    0.014952  2.869743  Li-26    0.785677  2.973632  Li-22    0.787343  3.087759  Li-23    0.785488  3.090489     1  Electrophile
36        36       O   8.085185   1.617037  18.445939  15.024688   3.056037  35.995601  9.056450      1.336586     679.029245   8    -1.056450       -0.001556   H-44    0.521063  0.965151   C-37    0.508555  1.438855   H-40   -0.002967  2.016398   H-39   -0.014462  2.092043     0   Nucleophile
37        37       C   6.902778   2.433794  18.450238  12.768013   4.572365  35.958881  5.491445      0.876626      79.494279   6     0.508555        0.006397   H-40   -0.002967  1.092984   H-39   -0.014462  1.097916   O-36   -1.056450  1.438855   C-38    0.021318  1.522514     0  Electrophile
38        38       C   5.618563   1.614176  18.435704  10.385012   3.033759  35.477317  5.978682      1.204369     141.847683   6     0.021318        0.000150   H-42   -0.037463  1.092616   H-43   -0.016213  1.093869   H-41   -0.016470  1.093981   C-37    0.508555  1.522514     0  Electrophile
39        39       H   6.911401   3.117330  19.310398  12.588230   5.643980  37.726350  1.014462      0.646146    1080.848763   1    -0.014462       -0.000013   C-37    0.508555  1.097916   H-40   -0.002967  1.768264   O-36   -1.056450  2.092043   C-38    0.021318  2.164171     0   Nucleophile
40        40       H   6.978166   3.043520  17.547442  13.071488   5.930183  34.432356  1.002967      0.627432     107.766619   1    -0.002967       -0.000028   C-37    0.508555  1.092984   H-39   -0.014462  1.768264   O-36   -1.056450  2.016398   C-38    0.021318  2.162410     0   Nucleophile
41        41       H   4.741636   2.268122  18.420269   8.736120   4.274149  35.349207  1.016470      0.664871     321.794516   1    -0.016470       -0.000051   C-38    0.021318  1.093981   H-42   -0.037463  1.766172   H-43   -0.016213  1.768491   C-37    0.508555  2.163604     0   Nucleophile
42        42       H   5.583852   0.965153  17.558886  10.528249   1.991624  33.700631  1.037463      0.650135      81.605656   1    -0.037463       -0.000459   C-38    0.021318  1.092616   H-41   -0.016470  1.766172   H-43   -0.016213  1.771507   C-37    0.508555  2.167461     0   Nucleophile
43        43       H   5.548375   0.985688  19.328265  10.040630   1.676068  36.997524  1.016213      0.648393     920.674273   1    -0.016213       -0.000018   C-38    0.021318  1.093869   H-41   -0.016470  1.768491   H-42   -0.037463  1.771507   C-37    0.508555  2.175809     0   Nucleophile
44        44       H   8.046018   1.034060  19.214164  14.887785   1.876664  37.380102  0.478937      0.295331     589.446784   1     0.521063        0.000884   O-36   -1.056450  0.965151   C-37    0.508555  1.964389   H-39   -0.014462  2.342798   H-43   -0.016213  2.575170     0  Electrophile
45        45       N   8.085000   1.617000  16.945939  16.199384   2.323489  29.349381  8.107068      1.115437     209.312517   7    -1.107068       -0.005289   N-46   -1.094115  1.256354  Li-29    0.819995  2.027882  Li-20    0.806827  2.109416  Li-32   -0.914045  3.090163     0   Nucleophile
46        46       N   8.085000   2.713622  16.945939  14.511002   3.991664  29.292664  8.094115      1.096746     171.357346   7    -1.094115       -0.006385   N-45   -1.107068  1.256354  Li-32   -0.914045  1.835270  Li-29    0.819995  2.046276  Li-20    0.806827  2.088092     0   Nucleophile