   ASE Index Element    X (Ang)    Y (Ang)    Z (Ang)   X (Bohr)   Y (Bohr)   Z (Bohr)    CHARGE  Min Distance  Atomic Volume  AN  Charge Gain  Charge Density    1NN  1NN charge  1NN dist    2NN  2NN charge  2NN dist    3NN  3NN charge  3NN dist    4NN  4NN charge  4NN dist  Tags         Class
0          0      Li   1.617037   1.617037  10.000000   3.055757   3.055757  18.897261  4.222056      1.847150     950.300004   3    -1.222056       -0.001286   Li-9    0.774807  2.800790  Li-10   -0.226704  2.800790  Li-12    0.774763  2.800790  Li-10   -0.226704  2.800790     4   Nucleophile
1          1      Li   4.851111   1.617037  10.000000   9.167271   3.055757  18.897261  3.198707      1.847154     538.750696   3    -0.198707       -0.000369  Li-10   -0.226704  2.800790  Li-11    0.774866  2.800790  Li-14   -1.296360  2.800790  Li-13    0.776250  2.800790     4   Nucleophile
2          2      Li   8.085185   1.617037  10.000000  15.278785   3.055757  18.897261  2.232186      1.855289     167.302935   3     0.767814        0.004589  Li-11    0.774866  2.800790  Li-14   -1.296360  2.800790   Li-5   -0.225072  3.234074   Li-1   -0.198707  3.234074     4  Electrophile
3          3      Li   1.617037   4.851111  10.000000   3.055757   9.167271  18.897261  4.169103      1.855296     827.262006   3    -1.169103       -0.001413  Li-12    0.774763  2.800790  Li-13    0.776250  2.800790  Li-12    0.774763  2.800790  Li-13    0.776250  2.800790     4   Nucleophile
4          4      Li   4.851111   4.851111  10.000000   9.167271   9.167271  18.897261  3.087752      1.850301     524.251481   3    -0.087752       -0.000167  Li-14   -1.296360  2.800790  Li-16    0.775849  2.800790  Li-17    0.776331  2.800790  Li-13    0.776250  2.800790     4   Nucleophile
5          5      Li   8.085185   4.851111  10.000000  15.278785   9.167271  18.897261  3.225072      1.847139     539.736390   3    -0.225072       -0.000417  Li-14   -1.296360  2.800790  Li-17    0.776331  2.800790   Li-2    0.767814  3.234074   Li-8   -2.218694  3.234074     4   Nucleophile
6          6      Li   1.617037   8.085185  10.000000   3.055757  15.278785  18.897261  3.966204      1.850305     895.589819   3    -0.966204       -0.001079  Li-15    0.776366  2.800790  Li-16    0.775849  2.800790   Li-3   -1.169103  3.234074   Li-7   -2.035909  3.234074     4   Nucleophile
7          7      Li   4.851111   8.085185  10.000000   9.167271  15.278785  18.897261  5.035909      1.855275    1199.896143   3    -2.035909       -0.001697  Li-16    0.775849  2.800790  Li-17    0.776331  2.800790   Li-8   -2.218694  3.234074   Li-6   -0.966204  3.234074     4   Nucleophile
8          8      Li   8.085185   8.085185  10.000000  15.278785  15.278785  18.897261  5.218694      1.847146    1321.618407   3    -2.218694       -0.001679  Li-17    0.776331  2.800790   Li-5   -0.225072  3.234074   Li-7   -2.035909  3.234074  Li-26    0.785771  3.506944     4   Nucleophile
9          9      Li   0.000000   0.000000  11.617037   0.000000   0.000000  21.953018  2.225193      1.837300      37.325213   3     0.774807        0.020758   Li-0   -1.222056  2.800790  Li-18    0.785760  2.997770  Li-10   -0.226704  3.234074  Li-12    0.774763  3.234074     3  Electrophile
10        10      Li   3.234074   0.000000  11.617037   6.111514   0.000000  21.953018  3.226704      1.837304     405.358711   3    -0.226704       -0.000559   Li-1   -0.198707  2.800790   Li-0   -1.222056  2.800790  Li-19    0.785510  2.961598  Li-18    0.785760  2.993109     3   Nucleophile
11        11      Li   6.468148   0.000000  11.617037  12.223028   0.000000  21.953018  2.225134      1.834406      37.932135   3     0.774866        0.020428   Li-1   -0.198707  2.800790   Li-2    0.767814  2.800790  Li-19    0.785510  2.923200  Li-20    0.807716  3.036190     3  Electrophile
12        12      Li   0.000000   3.234074  11.617037   0.000000   6.111514  21.953018  2.225237      1.835180      37.962702   3     0.774763        0.020409   Li-3   -1.169103  2.800790   Li-0   -1.222056  2.800790  Li-18    0.785760  2.948033  Li-21    0.323060  3.000182     3  Electrophile
13        13      Li   3.234074   3.234074  11.617037   6.111514   6.111514  21.953018  2.223750      1.837292      37.091305   3     0.776250        0.020928   Li-1   -0.198707  2.800790   Li-3   -1.169103  2.800790   Li-0   -1.222056  2.800790   Li-4   -0.087752  2.800790     3  Electrophile
14        14      Li   6.468148   3.234074  11.617037  12.223028   6.111514  21.953018  4.296360      1.843099     775.323281   3    -1.296360       -0.001672   Li-1   -0.198707  2.800790   Li-4   -0.087752  2.800790   Li-2    0.767814  2.800790   Li-5   -0.225072  2.800790     3   Nucleophile
15        15      Li   0.000000   6.468148  11.617037   0.000000  12.223028  21.953018  2.223634      1.837292      37.150668   3     0.776366        0.020898   Li-3   -1.169103  2.800790   Li-6   -0.966204  2.800790  Li-24    0.787489  2.960605  Li-21    0.323060  2.967820     3  Electrophile
16        16      Li   3.234074   6.468148  11.617037   6.111514  12.223028  21.953018  2.224151      1.837288      38.074340   3     0.775849        0.020377   Li-3   -1.169103  2.800790   Li-4   -0.087752  2.800790   Li-7   -2.035909  2.800790   Li-6   -0.966204  2.800790     3  Electrophile
17        17      Li   6.468148   6.468148  11.617037  12.223028  12.223028  21.953018  2.223669      1.837284      37.136049   3     0.776331        0.020905   Li-4   -0.087752  2.800790   Li-5   -0.225072  2.800790   Li-7   -2.035909  2.800790   Li-8   -2.218694  2.800790     3  Electrophile
18        18      Li   1.617038   1.617038  13.469728   3.063916   3.142156  25.535071  2.214240      1.899235      37.546274   3     0.785760        0.020928  Li-13    0.776250  2.943293  Li-12    0.774763  2.948033  Li-28   -0.109904  2.976616  Li-10   -0.226704  2.993109     2  Electrophile
19        19      Li   4.851111   1.617038  13.469729   9.233289   2.973643  25.521492  2.214490      1.898841      37.366856   3     0.785510        0.021022  Li-11    0.774866  2.923200  Li-10   -0.226704  2.961598  Li-31   -0.192957  2.967526  Li-14   -1.296360  2.970885     2  Electrophile
20        20      Li   8.085184   1.617038  13.469728  15.326368   3.052633  25.690717  2.192284      1.394508      32.762672   3     0.807716        0.024654   N-45   -1.111487  2.117676   N-46   -1.109457  2.135311  Li-32    0.815299  2.777256  Li-11    0.774866  3.036190     2  Electrophile
21        21      Li   1.617038   4.851111  13.469729   3.137040   9.223698  25.505028  2.676940      1.894022     188.260767   3     0.323060        0.001716  Li-16    0.775849  2.920572  Li-13    0.776250  2.953451  Li-34   -1.291861  2.959601  Li-30    0.811393  2.960234     2  Electrophile
22        22      Li   4.851111   4.851111  13.469730   9.307097   9.034498  25.490520  2.212607      1.886406      36.290789   3     0.787393        0.021697  Li-14   -1.296360  2.877109  Li-31   -0.192957  2.883497  Li-35   -0.079860  2.890127  Li-17    0.776331  2.955032     2  Electrophile
23        23      Li   8.085184   4.851111  13.469729  15.379630   9.129508  25.533772  2.214148      1.899027      37.473621   3     0.785852        0.020971  Li-35   -0.079860  2.975220  Li-14   -1.296360  2.988526  Li-17    0.776331  3.010074  Li-32    0.815299  3.123713     2  Electrophile
24        24      Li   1.617038   8.085184  13.469728   2.934315  15.393197  25.508416  2.212511      1.892989      36.359012   3     0.787489        0.021659  Li-33   -1.064632  2.900377  Li-15    0.776366  2.960605  Li-16    0.775849  3.029992  Li-34   -1.291861  3.069825     2  Electrophile
25        25      Li   4.851111   8.085184  13.469729   9.115756  15.210073  25.482036  3.652910      1.892896     383.571124   3    -0.652910       -0.001702  Li-16    0.775849  2.917772  Li-17    0.776331  2.947833  Li-34   -1.291861  2.973492  Li-35   -0.079860  3.061745     2   Nucleophile
26        26      Li   8.085184   8.085184  13.469728  15.197171  15.301614  25.523883  2.214229      1.897163      37.416916   3     0.785771        0.021000  Li-17    0.776331  2.949862  Li-35   -0.079860  3.092345  Li-25   -0.652910  3.218587  Li-23    0.785852  3.267569     2  Electrophile
27        27      Li  -0.000000  -0.000000  15.445939  -0.402446   0.426518  29.525503  2.182550      1.328814      53.682405   3     0.817450        0.015228  Li-18    0.785760  3.144662  Li-30    0.811393  3.145853  Li-28   -0.109904  3.348031   Li-9    0.774807  4.019184     1  Electrophile
28        28      Li   3.234074   0.000000  15.445939   5.892378  -0.095532  29.162422  3.109904      1.921718     357.262639   3    -0.109904       -0.000308  Li-18    0.785760  2.976616  Li-19    0.785510  3.078242  Li-29    0.811500  3.252659  Li-31   -0.192957  3.346529     1   Nucleophile
29        29      Li   6.468148   0.000000  15.445939  12.036094  -0.246726  29.276488  2.188500      1.225270      45.649338   3     0.811500        0.017777   N-45   -1.111487  1.839597  Li-19    0.785510  3.008710   N-46   -1.109457  3.095825  Li-20    0.807716  3.111338     1  Electrophile
30        30      Li   0.000000   3.234074  15.445939   0.301002   6.327231  29.359968  2.188607      1.230711      56.000224   3     0.811393        0.014489  Li-21    0.323060  2.960234  Li-18    0.785760  3.012512  Li-27    0.817450  3.145853  Li-33   -1.064632  3.260774     1  Electrophile
31        31      Li   3.234076   3.234076  15.445938   6.472750   6.201770  29.182935  3.192957      1.925017     278.875438   3    -0.192957       -0.000692  Li-22    0.787393  2.883497  Li-19    0.785510  2.967526  Li-21    0.323060  3.075881  Li-18    0.785760  3.098661     1   Nucleophile
32        32      Li   6.468146   3.234076  15.445938  12.757350   5.613109  29.483905  2.184701      1.325415      46.761288   3     0.815299        0.017435   N-46   -1.109457  2.037283   N-45   -1.111487  2.038045  Li-20    0.807716  2.777256  Li-23    0.785852  3.123713     1  Electrophile
33        33      Li   0.000000   6.468148  15.445939   0.085106  12.482669  29.176019  4.064632      1.936630     793.149931   3    -1.064632       -0.001342  Li-24    0.787489  2.900377  Li-21    0.323060  3.058780  Li-34   -1.291861  3.195317  Li-30    0.811393  3.260774     1   Nucleophile
34        34      Li   3.234076   6.468146  15.445938   6.117459  12.215359  29.172026  4.291861      3.446777     914.890358   3    -1.291861       -0.001412  Li-21    0.323060  2.959601  Li-25   -0.652910  2.973492  Li-24    0.787489  3.069825  Li-22    0.787393  3.078573     1   Nucleophile
35        35      Li   6.468146   6.468146  15.445938  12.126115  11.922326  29.170480  3.079860      1.927965     331.755112   3    -0.079860       -0.000241  Li-22    0.787393  2.890127  Li-23    0.785852  2.975220  Li-25   -0.652910  3.061745  Li-26    0.785771  3.092345     1   Nucleophile
36        36       O   8.085185   1.617037  19.645939  14.900479   3.245413  38.940761  9.049685      1.303532    1080.672446   8    -1.049685       -0.000971   H-44    0.519003  0.965585   C-37    0.506459  1.436553   H-40    0.007179  2.016661   H-39   -0.008476  2.081902     0   Nucleophile
37        37       C   6.902778   2.433794  19.650238  12.766069   4.708360  38.120009  5.493541      0.848829      82.734884   6     0.506459        0.006121   H-40    0.007179  1.093636   H-39   -0.008476  1.096988   O-36   -1.049685  1.436553   C-38    0.042948  1.523182     0  Electrophile
38        38       C   5.618563   1.614176  19.635704  10.542827   3.088783  37.271872  5.957052      1.166892     130.428261   6     0.042948        0.000329   H-42   -0.016246  1.092036   H-41   -0.017165  1.093870   H-43   -0.025677  1.094554   C-37    0.506459  1.523182     0  Electrophile
39        39       H   6.911401   3.117330  20.510398  12.181760   6.004721  39.628448  1.008476      0.629210     929.009915   1    -0.008476       -0.000009   C-37    0.506459  1.096988   H-40    0.007179  1.767970   O-36   -1.049685  2.081902   C-38    0.042948  2.165250     0   Nucleophile
40        40       H   6.978166   3.043520  18.747442  13.477557   5.852328  36.552765  0.992821      0.603623     154.579739   1     0.007179        0.000046   C-37    0.506459  1.093636   H-39   -0.008476  1.767970   O-36   -1.049685  2.016661   C-38    0.042948  2.166846     0  Electrophile
41        41       H   4.741636   2.268122  19.620269   8.998852   4.277793  36.582410  1.017165      0.632055     236.461832   1    -0.017165       -0.000073   C-38    0.042948  1.093870   H-43   -0.025677  1.766247   H-42   -0.016246  1.772848   C-37    0.506459  2.165203     0   Nucleophile
42        42       H   5.583852   0.965153  18.758886  11.110703   1.813022  35.752464  1.016246      0.651212     128.953487   1    -0.016246       -0.000126   C-38    0.042948  1.092036   H-41   -0.017165  1.772848   H-43   -0.025677  1.773431   C-37    0.506459  2.164360     0   Nucleophile
43        43       H   5.548375   0.985688  20.528265   9.808130   1.953572  38.837064  1.025677      0.662337     813.640832   1    -0.025677       -0.000032   C-38    0.042948  1.094554   H-41   -0.017165  1.766247   H-42   -0.016246  1.773431   C-37    0.506459  2.172363     0   Nucleophile
44        44       H   8.046018   1.034060  20.414164  14.382544   2.243565  40.375174  0.480997      0.302727     600.151191   1     0.519003        0.000865   O-36   -1.049685  0.965585   C-37    0.506459  1.963951   H-39   -0.008476  2.339618   H-43   -0.025677  2.558458     0  Electrophile
45        45       N   8.085000   1.617000  16.945939  14.510325   2.183937  29.510934  8.111487      1.106152     219.534932   7    -1.111487       -0.005063   N-46   -1.109457  1.257274  Li-29    0.811500  1.839597  Li-32    0.815299  2.038045  Li-20    0.807716  2.117676     0   Nucleophile
46        46       N   8.085000   1.617000  18.042561  16.187567   3.866316  29.548010  8.109457      1.108549     250.026300   7    -1.109457       -0.004437   N-45   -1.111487  1.257274  Li-32    0.815299  2.037283  Li-20    0.807716  2.135311  Li-29    0.811500  3.095825     0   Nucleophile