   Atom                     Volume(s)
  ------------------------------------------------------------------------
     1   ...      28
     2   ...      34   56
     3   ...       7   73
     4   ...      12   23   30
     5   ...      46   53   57   63
     6   ...      17   69   74
     7   ...      24   25   31
     8   ...      48   58
     9   ...      75
    10   ...       2    8
    11   ...      37   40
    12   ...      65   66
    13   ...      14   70
    14   ...      41
    15   ...      61   67
    16   ...      20
    17   ...      35   43
    18   ...      68
    19   ...      29
    20   ...      51
    21   ...      72
    22   ...      27
    23   ...      55
    24   ...      71
    25   ...      32
    26   ...      38   59
    27   ...       3   76
    28   ...       4
    29   ...      44
    30   ...      64
    31   ...      15   16
    32   ...      39
    33   ...      18   45   52
    34   ...      22
    35   ...      33   36   42
    36   ...      19   54   60   62
    37   ...       6
    38   ...       5
    39   ...       9
    40   ...      49
    41   ...      13
    42   ...      10
    43   ...      47
    44   ...      50
    45   ...       1
    46   ...      21
    47   ...      26
    48   ...      11
  ------------------------------------------------------------------------
