   ASE Index Element    X (Ang)    Y (Ang)    Z (Ang)   X (Bohr)   Y (Bohr)   Z (Bohr)    CHARGE  Min Distance  Atomic Volume  AN  Charge Gain  Charge Density    1NN  1NN charge  1NN dist    2NN  2NN charge  2NN dist    3NN  3NN charge  3NN dist    4NN  4NN charge  4NN dist  Tags         Class
0          0      Li   1.617037   1.617037  10.000000   3.055757   3.055757  18.897261  4.142271      1.838953     879.552479   3    -1.142271       -0.001299   Li-9   -1.757221  2.800790  Li-10    0.777249  2.800790  Li-12   -0.177683  2.800790   Li-9   -1.757221  2.800790     4   Nucleophile
1          1      Li   4.851111   1.617037  10.000000   9.167271   3.055757  18.897261  3.073211      1.846162     552.280167   3    -0.073211       -0.000133  Li-10    0.777249  2.800790  Li-11    0.777526  2.800790  Li-14    0.776980  2.800790  Li-13    0.776838  2.800790     4   Nucleophile
2          2      Li   8.085185   1.617037  10.000000  15.278785   3.055757  18.897261  5.084111      1.847146    1224.794090   3    -2.084111       -0.001702  Li-11    0.777526  2.800790  Li-14    0.776980  2.800790   Li-5    0.769024  3.234074   Li-1   -0.073211  3.234074     4   Nucleophile
3          3      Li   1.617037   4.851111  10.000000   3.055757   9.167271  18.897261  2.230441      1.847146     158.299236   3     0.769559        0.004861  Li-12   -0.177683  2.800790  Li-13    0.776838  2.800790  Li-15    0.776146  2.800790  Li-12   -0.177683  2.800790     4  Electrophile
4          4      Li   4.851111   4.851111  10.000000   9.167271   9.167271  18.897261  5.836290      3.215574    1555.816910   3    -2.836290       -0.001823  Li-14    0.776980  2.800790  Li-16    0.776546  2.800790  Li-16    0.776546  2.800790  Li-13    0.776838  2.800790     4   Nucleophile
5          5      Li   8.085185   4.851111  10.000000  15.278785   9.167271  18.897261  2.230976      1.846157     162.891016   3     0.769024        0.004721  Li-14    0.776980  2.800790  Li-17    0.776468  2.800790   Li-2   -2.084111  3.234074   Li-4   -2.836290  3.234074     4  Electrophile
6          6      Li   1.617037   8.085185  10.000000   3.055757  15.278785  18.897261  4.110850      1.847156     915.197806   3    -1.110850       -0.001214  Li-15    0.776146  2.800790  Li-16    0.776546  2.800790   Li-3    0.769559  3.234074   Li-7    0.771433  3.234074     4   Nucleophile
7          7      Li   4.851111   8.085185  10.000000   9.167271  15.278785  18.897261  2.228567      1.853156     146.590086   3     0.771433        0.005263  Li-16    0.776546  2.800790  Li-17    0.776468  2.800790   Li-8   -1.109424  3.234074   Li-6   -1.110850  3.234074     4  Electrophile
8          8      Li   8.085185   8.085185  10.000000  15.278785  15.278785  18.897261  4.109424      1.846174     920.665413   3    -1.109424       -0.001205  Li-17    0.776468  2.800790   Li-5    0.769024  3.234074   Li-5    0.769024  3.234074  Li-26    0.788406  3.453694     4   Nucleophile
9          9      Li   0.000000   0.000000  11.617037   0.000000   0.000000  21.953018  4.757221      1.825479    1050.817237   3    -1.757221       -0.001672   Li-0   -1.142271  2.800790  Li-18    0.782885  2.928229  Li-10    0.777249  3.234074  Li-12   -0.177683  3.234074     3   Nucleophile
10        10      Li   3.234074   0.000000  11.617037   6.111514   0.000000  21.953018  2.222751      1.834408      36.807337   3     0.777249        0.021117   Li-1   -0.073211  2.800790   Li-0   -1.142271  2.800790  Li-18    0.782885  2.930084  Li-19    0.788711  2.938009     3  Electrophile
11        11      Li   6.468148   0.000000  11.617037  12.223028   0.000000  21.953018  2.222474      1.833012      36.717849   3     0.777526        0.021176   Li-1   -0.073211  2.800790   Li-2   -2.084111  2.800790  Li-20    0.781087  2.920779  Li-19    0.788711  2.927781     3  Electrophile
12        12      Li   0.000000   3.234074  11.617037   0.000000   6.111514  21.953018  3.177683      1.825811     446.948321   3    -0.177683       -0.000398   Li-3    0.769559  2.800790   Li-0   -1.142271  2.800790  Li-18    0.782885  2.908340  Li-21    0.789158  2.944825     3   Nucleophile
13        13      Li   3.234074   3.234074  11.617037   6.111514   6.111514  21.953018  2.223162      1.832996      36.798477   3     0.776838        0.021111   Li-1   -0.073211  2.800790   Li-3    0.769559  2.800790   Li-0   -1.142271  2.800790   Li-4   -2.836290  2.800790     3  Electrophile
14        14      Li   6.468148   3.234074  11.617037  12.223028   6.111514  21.953018  2.223020      1.833009      36.672219   3     0.776980        0.021187   Li-1   -0.073211  2.800790   Li-4   -2.836290  2.800790   Li-5    0.769024  2.800790   Li-2   -2.084111  2.800790     3  Electrophile
15        15      Li   0.000000   6.468148  11.617037   0.000000  12.223028  21.953018  2.223854      1.837308      37.014665   3     0.776146        0.020969   Li-3    0.769559  2.800790   Li-6   -1.110850  2.800790  Li-24    0.788820  2.923374  Li-21    0.789158  2.969513     3  Electrophile
16        16      Li   3.234074   6.468148  11.617037   6.111514  12.223028  21.953018  2.223454      1.834410      36.708989   3     0.776546        0.021154   Li-3    0.769559  2.800790   Li-4   -2.836290  2.800790   Li-7    0.771433  2.800790   Li-6   -1.110850  2.800790     3  Electrophile
17        17      Li   6.468148   6.468148  11.617037  12.223028  12.223028  21.953018  2.223532      1.834397      36.790502   3     0.776468        0.021105   Li-4   -2.836290  2.800790   Li-5    0.769024  2.800790   Li-7    0.771433  2.800790   Li-8   -1.109424  2.800790     3  Electrophile
18        18      Li   1.617038   1.617038  13.469728   3.052583   3.089672  25.381700  2.217115      1.875620      36.466220   3     0.782885        0.021469  Li-12   -0.177683  2.908340  Li-13    0.776838  2.910208   Li-9   -1.757221  2.928229  Li-10    0.777249  2.930084     2  Electrophile
19        19      Li   4.851111   1.617038  13.469729   9.184799   3.057897  25.421339  2.211289      1.882410      35.260795   3     0.788711        0.022368  Li-14    0.776980  2.926530  Li-11    0.777526  2.927781  Li-13    0.776838  2.936762  Li-10    0.777249  2.938009     2  Electrophile
20        20      Li   8.085184   1.617038  13.469728  15.289061   3.093479  25.343357  2.218913      1.867819      36.935366   3     0.781087        0.021147  Li-14    0.776980  2.898592  Li-11    0.777526  2.920779  Li-29   -1.598781  3.052429  Li-32   -1.040989  3.054687     2  Electrophile
21        21      Li   1.617038   4.851111  13.469729   2.995467   9.124612  25.546997  2.210842      1.891401      36.101182   3     0.789158        0.021860  Li-12   -0.177683  2.944825  Li-15    0.776146  2.969513  Li-31   -0.356138  2.978791  Li-13    0.776838  2.979657     2  Electrophile
22        22      Li   4.851111   4.851111  13.469730   9.165368   9.210373  25.411580  2.212459      1.885407      35.657287   3     0.787541        0.022086  Li-16    0.776546  2.915942  Li-17    0.776468  2.917059  Li-13    0.776838  2.941131  Li-14    0.776980  2.942238     2  Electrophile
23        23      Li   8.085184   4.851111  13.469729  15.339526   9.120862  25.542696  2.211120      1.886707      36.063526   3     0.788880        0.021875  Li-32   -1.040989  2.968429  Li-14    0.776980  2.977275  Li-35   -0.360832  2.988427  Li-17    0.776468  3.003834     2  Electrophile
24        24      Li   1.617038   8.085184  13.469728   3.052402  15.240159  25.431307  2.211180      1.871820      35.623176   3     0.788820        0.022143  Li-15    0.776146  2.923374  Li-16    0.776546  2.925337  Li-34    0.361447  2.997148  Li-33    0.765883  3.032696     2  Electrophile
25        25      Li   4.851111   8.085184  13.469729   9.161971  15.220203  25.431383  2.212189      1.882336      35.512867   3     0.787811        0.022184  Li-16    0.776546  2.917076  Li-17    0.776468  2.920183  Li-34    0.361447  2.997986  Li-35   -0.360832  3.000492     2  Electrophile
26        26      Li   8.085184   8.085184  13.469728  15.285476  15.237203  25.423661  2.211594      1.878688      35.651528   3     0.788406        0.022114  Li-17    0.776468  2.922917  Li-35   -0.360832  2.996522  Li-23    0.788880  3.237368  Li-25    0.787811  3.240434     2  Electrophile
27        27      Li  -0.000000  -0.000000  15.445939   0.045572  -0.109002  29.018810  4.395667      1.457739     398.795987   3    -1.395667       -0.003500   N-46   -0.098336  2.242680   N-45   -0.451158  2.279595  Li-18    0.782885  3.016876  Li-30    0.144475  3.223290     1   Nucleophile
28        28      Li   3.234074   0.000000  15.445939   6.198955  -0.000746  28.991504  3.473541      1.895214     466.795975   3    -0.473541       -0.001014  Li-19    0.788711  2.947125  Li-18    0.782885  3.015894  Li-29   -1.598781  3.131597  Li-31   -0.356138  3.241853     1   Nucleophile
29        29      Li   6.468148   0.000000  15.445939  12.116588  -0.052512  28.991771  4.598781      3.187769     894.750762   3    -1.598781       -0.001787  Li-19    0.788711  2.947190  Li-20    0.781087  3.052429  Li-28   -0.473541  3.131597  Li-32   -1.040989  3.292070     1   Nucleophile
30        30      Li   0.000000   3.234074  15.445939   0.036235   5.971449  29.379308  2.855525      1.304497     160.310050   3     0.144475        0.000901   N-45   -0.451158  1.994982  Li-18    0.782885  3.057521  Li-21    0.789158  3.057623   N-46   -0.098336  3.119421     1  Electrophile
31        31      Li   3.234076   3.234076  15.445938   6.213334   6.125079  29.059102  3.356138      1.901291     321.552633   3    -0.356138       -0.001108  Li-19    0.788711  2.968610  Li-22    0.787541  2.971789  Li-21    0.789158  2.978791  Li-18    0.782885  3.027307     1   Nucleophile
32        32      Li   6.468146   3.234076  15.445938  12.117841   6.168228  29.059711  4.040989      1.911541     561.575365   3    -1.040989       -0.001854  Li-22    0.787541  2.959639  Li-23    0.788880  2.968429  Li-19    0.788711  2.970690  Li-20    0.781087  3.054687     1   Nucleophile
33        33      Li   0.000000   6.468148  15.445939  -0.005788  12.224134  29.225385  2.234117      1.900483      76.413156   3     0.765883        0.010023  Li-21    0.789158  3.000258  Li-24    0.788820  3.032696  Li-34    0.361447  3.229259  Li-30    0.144475  3.309855     1  Electrophile
34        34      Li   3.234076   6.468146  15.445938   6.095817  12.213429  29.126578  2.638553      1.914042     211.641411   3     0.361447        0.001708  Li-21    0.789158  2.991905  Li-24    0.788820  2.997148  Li-25    0.787811  2.997986  Li-22    0.787541  3.004762     1  Electrophile
35        35      Li   6.468146   6.468146  15.445938  12.243703  12.208487  29.116844  3.360832      1.912057     493.055729   3    -0.360832       -0.000732  Li-23    0.788880  2.988427  Li-26    0.788406  2.996522  Li-25    0.787811  3.000492  Li-22    0.787541  3.002530     1   Nucleophile
36        36       O   0.000000   1.617037  19.645939   0.210066   3.353244  38.510799  9.046697      1.299257     913.513931   8    -1.046697       -0.001146   H-44    0.515568  0.964738   C-37    0.526611  1.436401   H-40   -0.003004  2.017895   H-39   -0.013624  2.085865     0   Nucleophile
37        37       C   0.816757   2.799444  19.650238   1.675129   5.561539  37.923417  5.473389      0.830976      79.854001   6     0.526611        0.006595   H-40   -0.003004  1.093159   H-39   -0.013624  1.097709   O-36   -1.046697  1.436401   C-38    0.034383  1.523324     0  Electrophile
38        38       C  -0.002861   4.083659  19.635704   0.037134   7.840309  37.282414  5.965617      1.179215     138.595117   6     0.034383        0.000248   H-42   -0.022266  1.092875   H-41   -0.006413  1.093195   H-43   -0.020975  1.094161   C-37    0.526611  1.523324     0  Electrophile
39        39       H   1.500293   2.790821  20.510398   2.967545   5.995332  39.486905  1.013624      0.647940     966.013948   1    -0.013624       -0.000014   C-37    0.526611  1.097709   H-40   -0.003004  1.761170   O-36   -1.046697  2.085865   C-38    0.034383  2.172273     0   Nucleophile
40        40       H   1.426483   2.724056  18.747442   2.842228   5.015635  36.308709  1.003004      0.626491     135.635379   1    -0.003004       -0.000022   C-37    0.526611  1.093159   H-39   -0.013624  1.761170   O-36   -1.046697  2.017895   C-38    0.034383  2.168686     0   Nucleophile
41        41       H   0.651085   4.960586  19.620269   1.217685   9.452368  36.757766  1.006413      0.631755     267.471077   1    -0.006413       -0.000024   C-38    0.034383  1.093195   H-43   -0.020975  1.766939   H-42   -0.022266  1.773064   C-37    0.526611  2.162940     0   Nucleophile
42        42       H  -0.651884   4.118370  18.758886  -1.225530   7.415881  35.704209  1.022266      0.668294     120.076488   1    -0.022266       -0.000185   C-38    0.034383  1.092875   H-41   -0.006413  1.773064   H-43   -0.020975  1.773327   C-37    0.526611  2.167515     0   Nucleophile
43        43       H  -0.631349   4.153847  20.528265  -1.114700   8.403418  38.904580  1.020975      0.671181     881.849034   1    -0.020975       -0.000024   C-38    0.034383  1.094161   H-41   -0.006413  1.766939   H-42   -0.022266  1.773327   C-37    0.526611  2.170408     0   Nucleophile
44        44       H  -0.582977   1.656204  20.414164  -0.770998   3.709985  40.005426  0.484432      0.303833     628.491312   1     0.515568        0.000820   O-36   -1.046697  0.964738   C-37    0.526611  1.961996   H-39   -0.013624  2.334888   H-43   -0.020975  2.557536     0  Electrophile
45        45       N   0.000000   1.617000  16.945939  -0.324626   3.131779  31.832618  7.451158      1.008576     156.356645   7    -0.451158       -0.002885   N-46   -0.098336  1.132661  Li-30    0.144475  1.994982  Li-27   -1.395667  2.279595   H-40   -0.003004  3.068008     0   Nucleophile
46        46       N   0.000000   1.617000  18.042561  -0.506231   1.326424  32.968004  7.098336      0.922332     271.948118   7    -0.098336       -0.000362   N-45   -0.451158  1.132661  Li-27   -1.395667  2.242680  Li-30    0.144475  3.119421   O-36   -1.046697  3.145986     0   Nucleophile