   ASE Index Element    X (Ang)    Y (Ang)    Z (Ang)   X (Bohr)   Y (Bohr)   Z (Bohr)    CHARGE  Min Distance  Atomic Volume  AN  Charge Gain  Charge Density    1NN  1NN charge  1NN dist    2NN  2NN charge  2NN dist    3NN  3NN charge  3NN dist    4NN  4NN charge  4NN dist  Tags         Class
0          0      Li   1.617037   1.617037  10.000000   3.055757   3.055757  18.897261  3.229563      1.847150     544.854907   3    -0.229563       -0.000421   Li-9   -0.317553  2.800790  Li-10    0.776133  2.800790  Li-12    0.775261  2.800790   Li-9   -0.317553  2.800790     4   Nucleophile
1          1      Li   4.851111   1.617037  10.000000   9.167271   3.055757  18.897261  5.091503      1.847148    1301.982068   3    -2.091503       -0.001606  Li-10    0.776133  2.800790  Li-11    0.775020  2.800790  Li-14    0.775385  2.800790  Li-13    0.776565  2.800790     4   Nucleophile
2          2      Li   8.085185   1.617037  10.000000  15.278785   3.055757  18.897261  2.231826      1.859447     164.938600   3     0.768174        0.004657  Li-11    0.775020  2.800790  Li-14    0.775385  2.800790   Li-5   -2.064834  3.234074   Li-1   -2.091503  3.234074     4  Electrophile
3          3      Li   1.617037   4.851111  10.000000   3.055757   9.167271  18.897261  4.097399      1.859127     814.004985   3    -1.097399       -0.001348  Li-12    0.775261  2.800790  Li-13    0.776565  2.800790  Li-16    0.775548  2.800790  Li-15    0.776449  2.800790     4   Nucleophile
4          4      Li   4.851111   4.851111  10.000000   9.167271   9.167271  18.897261  4.056072      1.850317     906.500668   3    -1.056072       -0.001165  Li-14    0.775385  2.800790  Li-16    0.775548  2.800790  Li-16    0.775548  2.800790  Li-13    0.776565  2.800790     4   Nucleophile
5          5      Li   8.085185   4.851111  10.000000  15.278785   9.167271  18.897261  5.064834      1.847163    1301.048207   3    -2.064834       -0.001587  Li-14    0.775385  2.800790  Li-17    0.776522  2.800790   Li-2    0.768174  3.234074   Li-4   -1.056072  3.234074     4   Nucleophile
6          6      Li   1.617037   8.085185  10.000000   3.055757  15.278785  18.897261  4.128957      1.850324     905.947794   3    -1.128957       -0.001246  Li-15    0.776449  2.800790  Li-16    0.775548  2.800790   Li-3   -1.097399  3.234074   Li-7   -1.977490  3.234074     4   Nucleophile
7          7      Li   4.851111   8.085185  10.000000   9.167271  15.278785  18.897261  4.977490      1.855271    1200.053411   3    -1.977490       -0.001648  Li-16    0.775548  2.800790  Li-17    0.776522  2.800790   Li-8   -0.374975  3.234074   Li-6   -1.128957  3.234074     4   Nucleophile
8          8      Li   8.085185   8.085185  10.000000  15.278785  15.278785  18.897261  3.374975      1.849189     561.696750   3    -0.374975       -0.000668  Li-17    0.776522  2.800790   Li-5   -2.064834  3.234074   Li-7   -1.977490  3.234074  Li-26    0.785449  3.533035     4   Nucleophile
9          9      Li   0.000000   0.000000  11.617037   0.000000   0.000000  21.953018  3.317553      1.839810     416.339555   3    -0.317553       -0.000763   Li-0   -0.229563  2.800790  Li-18    0.785245  2.951668  Li-12    0.775261  3.234074  Li-10    0.776133  3.234074     3   Nucleophile
10        10      Li   3.234074   0.000000  11.617037   6.111514   0.000000  21.953018  2.223867      1.837304      36.991185   3     0.776133        0.020982   Li-1   -2.091503  2.800790   Li-0   -0.229563  2.800790  Li-19    0.785718  2.907938  Li-18    0.785245  3.005551     3  Electrophile
11        11      Li   6.468148   0.000000  11.617037  12.223028   0.000000  21.953018  2.224980      1.834403      37.841761   3     0.775020        0.020481   Li-1   -2.091503  2.800790   Li-2    0.768174  2.800790  Li-19    0.785718  2.951900  Li-20    0.807086  2.981835     3  Electrophile
12        12      Li   0.000000   3.234074  11.617037   0.000000   6.111514  21.953018  2.224739      1.834417      38.074783   3     0.775261        0.020362   Li-3   -1.097399  2.800790   Li-0   -0.229563  2.800790  Li-18    0.785245  2.931832  Li-21    0.788232  2.989534     3  Electrophile
13        13      Li   3.234074   3.234074  11.617037   6.111514   6.111514  21.953018  2.223435      1.837292      37.287558   3     0.776565        0.020826   Li-1   -2.091503  2.800790   Li-3   -1.097399  2.800790   Li-0   -0.229563  2.800790   Li-4   -1.056072  2.800790     3  Electrophile
14        14      Li   6.468148   3.234074  11.617037  12.223028   6.111514  21.953018  2.224615      1.837296      37.354895   3     0.775385        0.020757   Li-1   -2.091503  2.800790   Li-4   -1.056072  2.800790   Li-5   -2.064834  2.800790   Li-2    0.768174  2.800790     3  Electrophile
15        15      Li   0.000000   6.468148  11.617037   0.000000  12.223028  21.953018  2.223551      1.837308      37.030613   3     0.776449        0.020968   Li-3   -1.097399  2.800790   Li-6   -1.128957  2.800790  Li-21    0.788232  2.941358  Li-24    0.787400  2.951313     3  Electrophile
16        16      Li   3.234074   6.468148  11.617037   6.111514  12.223028  21.953018  2.224452      1.837288      38.028267   3     0.775548        0.020394   Li-3   -1.097399  2.800790   Li-4   -1.056072  2.800790   Li-6   -1.128957  2.800790   Li-7   -1.977490  2.800790     3  Electrophile
17        17      Li   6.468148   6.468148  11.617037  12.223028  12.223028  21.953018  2.223478      1.834410      37.187438   3     0.776522        0.020881   Li-4   -1.056072  2.800790   Li-5   -2.064834  2.800790   Li-5   -2.064834  2.800790   Li-8   -0.374975  2.800790     3  Electrophile
18        18      Li   1.617038   1.617038  13.469728   2.961977   3.089853  25.529588  2.214755      1.894364      37.578171   3     0.785245        0.020896  Li-12    0.775261  2.931832   Li-9   -0.317553  2.951668  Li-28   -0.052523  2.971429  Li-30   -1.190359  2.975503     2  Electrophile
19        19      Li   4.851111   1.617038  13.469729   9.092008   2.938911  25.513460  2.214282      1.896387      37.395652   3     0.785718        0.021011  Li-10    0.776133  2.907938  Li-11    0.775020  2.951900  Li-13    0.776565  2.975910  Li-31    0.756516  2.987401     2  Electrophile
20        20      Li   8.085184   1.617038  13.469728  15.211618   2.976222  25.689593  2.192914      1.371841      32.587684   3     0.807086        0.024767   N-45   -1.135414  2.088303   N-46   -1.161980  2.124010  Li-32   -0.575151  2.763385  Li-11    0.775020  2.981835     2  Electrophile
21        21      Li   1.617038   4.851111  13.469729   3.106117   9.250748  25.476222  2.211768      1.888776      36.024541   3     0.788232        0.021880  Li-16    0.775548  2.911909  Li-30   -1.190359  2.936902  Li-15    0.776449  2.941358  Li-13    0.776565  2.960564     2  Electrophile
22        22      Li   4.851111   4.851111  13.469730   9.267160   9.065998  25.496530  2.212414      1.891795      36.129534   3     0.787586        0.021799  Li-14    0.775385  2.899515  Li-31    0.756516  2.906366  Li-35   -0.013213  2.910498  Li-13    0.776565  2.957885     2  Electrophile
23        23      Li   8.085184   4.851111  13.469729  15.335974   9.175408  25.510622  2.215182      1.896203      37.341162   3     0.784818        0.021018  Li-17    0.776522  2.976356  Li-14    0.775385  2.981030  Li-35   -0.013213  2.982746  Li-32   -0.575151  3.089323     2  Electrophile
24        24      Li   1.617038   8.085184  13.469728   2.872992  15.406261  25.519221  2.212600      1.891569      36.445399   3     0.787400        0.021605  Li-33    0.130734  2.876320  Li-15    0.776449  2.951313  Li-16    0.775548  3.055457  Li-34   -0.726109  3.103617     2  Electrophile
25        25      Li   4.851111   8.085184  13.469729   9.042733  15.220146  25.521558  2.779531      1.895113     260.472434   3     0.220469        0.000846  Li-16    0.775548  2.913323  Li-34   -0.726109  2.955645  Li-17    0.776522  2.985586  Li-35   -0.013213  3.057110     2  Electrophile
26        26      Li   8.085184   8.085184  13.469728  15.167641  15.331127  25.572600  2.214551      1.902098      37.751387   3     0.785449        0.020806  Li-17    0.776522  2.966811  Li-35   -0.013213  3.067396  Li-25    0.220469  3.241807  Li-23    0.784818  3.258849     2  Electrophile
27        27      Li  -0.000000  -0.000000  15.445939  -0.646294   0.492124  29.681053  2.178167      1.329274      48.701221   3     0.821833        0.016875  Li-30   -1.190359  3.131802  Li-18    0.785245  3.218967  Li-28   -0.052523  3.355621   Li-9   -0.317553  4.112031     1  Electrophile
28        28      Li   3.234074   0.000000  15.445939   5.652438  -0.116347  29.272853  3.052523      1.928741     437.030696   3    -0.052523       -0.000120  Li-18    0.785245  2.971429  Li-19    0.785718  3.143967  Li-29    0.062476  3.257742  Li-27    0.821833  3.355621     1   Nucleophile
29        29      Li   6.468148   0.000000  15.445939  11.807576  -0.203185  29.350486  2.937524      1.216226     416.542453   3     0.062476        0.000150   N-46   -1.161980  1.835108  Li-19    0.785718  2.992068   N-45   -1.135414  3.099761  Li-20    0.807086  3.135047     1  Electrophile
30        30      Li   0.000000   3.234074  15.445939   0.093032   6.336527  29.113595  4.190359      1.215372     447.448920   3    -1.190359       -0.002660  Li-21    0.788232  2.936902  Li-18    0.785245  2.975503  Li-27    0.821833  3.131802  Li-33    0.130734  3.272705     1   Nucleophile
31        31      Li   3.234076   3.234076  15.445938   6.280815   6.234526  29.133723  2.243484      1.920151     121.155656   3     0.756516        0.006244  Li-22    0.787586  2.906366  Li-19    0.785718  2.987401  Li-21    0.788232  3.019262  Li-18    0.785245  3.080768     1  Electrophile
32        32      Li   6.468146   3.234076  15.445938  12.532127   5.687003  29.259144  3.575151      1.321084     365.219066   3    -0.575151       -0.001575   N-46   -1.161980  2.036767   N-45   -1.135414  2.039092  Li-20    0.807086  2.763385  Li-19    0.785718  3.059019     1   Nucleophile
33        33      Li   0.000000   6.468148  15.445939   0.107796  12.520380  29.202912  2.869266      1.924210     272.276387   3     0.130734        0.000480  Li-24    0.787400  2.876320  Li-21    0.788232  3.065971  Li-34   -0.726109  3.186880  Li-30   -1.190359  3.272705     1  Electrophile
34        34      Li   3.234076   6.468146  15.445938   6.122667  12.221190  29.219627  3.726109      1.923969     797.595961   3    -0.726109       -0.000910  Li-25    0.220469  2.955645  Li-21    0.788232  2.990492  Li-22    0.787586  3.072169  Li-24    0.787400  3.103617     1   Nucleophile
35        35      Li   6.468146   6.468146  15.445938  12.116153  11.982252  29.188303  3.013213      1.919547     369.550357   3    -0.013213       -0.000036  Li-22    0.787586  2.910498  Li-23    0.784818  2.982746  Li-25    0.220469  3.057110  Li-26    0.785449  3.067396     1   Nucleophile
36        36       O   8.085185   1.617037  18.445939  16.010393   3.130627  35.720929  9.069659      1.316408     853.124825   8    -1.069659       -0.001254   H-44    0.521048  0.965677   C-37    0.545578  1.434496   H-39   -0.003922  2.020071   H-40   -0.050860  2.090176     0   Nucleophile
37        37       C   8.901943   2.799444  18.450238  17.411289   5.431436  36.024624  5.454422      0.837555      77.164055   6     0.545578        0.007070   H-39   -0.003922  1.092485   H-40   -0.050860  1.101110   O-36   -1.069659  1.434496   C-38    0.017824  1.524471     0  Electrophile
38        38       C   8.082324   4.083659  18.435704  15.725049   7.759513  36.213975  5.982176      1.190262     186.029335   6     0.017824        0.000096   H-43    0.009042  1.091721   H-41   -0.009557  1.094031   H-42   -0.045070  1.095123   C-37    0.545578  1.524471     0  Electrophile
39        39       H   9.585478   2.790821  19.310398  18.506440   5.179671  37.756505  1.003922      0.651498    1052.630026   1    -0.003922       -0.000004   C-37    0.545578  1.092485   H-40   -0.050860  1.764307   O-36   -1.069659  2.020071   C-38    0.017824  2.167116     0   Nucleophile
40        40       H   9.511668   2.724056  17.547442  18.773074   5.660315  34.468068  1.050860      0.648415     116.979861   1    -0.050860       -0.000435   C-37    0.545578  1.101110   H-39   -0.003922  1.764307   O-36   -1.069659  2.090176   C-38    0.017824  2.165446     0   Nucleophile
41        41       H   8.736271   4.960586  18.420269  16.871602   9.460709  36.470037  1.009557      0.641504     544.332600   1    -0.009557       -0.000018   C-38    0.017824  1.094031   H-42   -0.045070  1.763988   H-43    0.009042  1.774753   C-37    0.545578  2.164114     0   Nucleophile
42        42       H   7.433301   4.118370  17.558886  14.620740   8.013510  34.482287  1.045070      0.659643     105.606954   1    -0.045070       -0.000427   C-38    0.017824  1.095123   H-41   -0.009557  1.763988   H-43    0.009042  1.774074   C-37    0.545578  2.171115     0   Nucleophile
43        43       H   7.453837   4.153847  19.328265  14.419166   7.601695  37.803299  0.990958      0.651793    1130.266328   1     0.009042        0.000008   C-38    0.017824  1.091721   H-42   -0.045070  1.774074   H-41   -0.009557  1.774753   C-37    0.545578  2.170692     0  Electrophile
44        44       H   7.502208   1.656204  19.214164  15.163631   3.202868  34.106026  0.478952      0.337333      30.869698   1     0.521048        0.016879   O-36   -1.069659  0.965677   C-37    0.545578  1.958635   H-40   -0.050860  2.318630   N-46   -1.161980  2.525676     0  Electrophile
45        45       N   8.085000   1.617000  16.945939  15.956775   3.930547  29.445581  8.135414      1.098433     170.133757   7    -1.135414       -0.006674   N-46   -1.161980  1.267046  Li-32   -0.575151  2.039092  Li-20    0.807086  2.088303   H-44    0.521048  2.531124     0   Nucleophile
46        46       N   6.988378   1.617000  16.945939  14.250248   2.252629  29.518790  8.161980      1.130471     227.783301   7    -1.161980       -0.005101   N-45   -1.135414  1.267046  Li-29    0.062476  1.835108  Li-32   -0.575151  2.036767  Li-20    0.807086  2.124010     0   Nucleophile